timestamp,actual_TCP_pose_0,actual_TCP_pose_1,actual_TCP_pose_2,actual_TCP_pose_3,actual_TCP_pose_4,actual_TCP_pose_5
3782.256000,-0.200011,0.109996,0.200002,1.350279,2.819918,0.000275
3782.272000,-0.200006,0.109996,0.199992,1.350243,2.819887,0.000308
3782.280000,-0.200006,0.109998,0.199998,1.350262,2.819926,0.000317
3782.288000,-0.200009,0.110002,0.199997,1.350228,2.819899,0.000324
3782.296000,-0.200000,0.110000,0.199988,1.350249,2.819855,0.000307
3782.304000,-0.199997,0.110007,0.199993,1.350308,2.819850,0.000332
3782.312000,-0.200001,0.109998,0.199997,1.350233,2.819952,0.000309
3782.320000,-0.199999,0.110004,0.199984,1.350313,2.819859,0.000367
3782.328000,-0.200006,0.109994,0.199990,1.350176,2.819919,0.000307
3782.368000,-0.200137,0.110000,0.200059,1.350389,2.820155,0.000132
3782.376000,-0.200173,0.110000,0.200078,1.350488,2.820191,0.000031
3782.384000,-0.200198,0.110004,0.200060,1.350363,2.820144,0.000102
3782.392000,-0.200245,0.109997,0.200058,1.350402,2.820185,0.000060
3782.400000,-0.200280,0.110002,0.200041,1.350362,2.820101,0.000148
3782.408000,-0.200327,0.110003,0.200053,1.350404,2.820146,0.000081
3782.416000,-0.200389,0.109993,0.200038,1.350365,2.820151,0.000087
3782.424000,-0.200439,0.109992,0.200007,1.350232,2.820047,0.000199
3782.432000,-0.200506,0.109997,0.200011,1.350355,2.820004,0.000205
3782.440000,-0.200584,0.109998,0.199994,1.350237,2.820017,0.000251
3782.448000,-0.200664,0.109989,0.199994,1.350193,2.819972,0.000272
3782.456000,-0.200750,0.109998,0.199995,1.350252,2.820007,0.000244
3782.464000,-0.200847,0.109988,0.199994,1.350289,2.819916,0.000248
3782.472000,-0.200949,0.109993,0.200001,1.350373,2.819965,0.000203
3782.480000,-0.201051,0.109990,0.199979,1.350227,2.819919,0.000297
3782.488000,-0.201156,0.109991,0.199996,1.350236,2.819985,0.000242
3782.496000,-0.201283,0.109993,0.200006,1.350321,2.819995,0.000263
3782.504000,-0.201400,0.109987,0.200007,1.350280,2.819997,0.000165
3782.512000,-0.201524,0.109988,0.199995,1.350241,2.820006,0.000269
3782.520000,-0.201650,0.109985,0.200005,1.350254,2.820035,0.000154
3782.528000,-0.201770,0.109987,0.199978,1.350209,2.819940,0.000248
3782.536000,-0.201910,0.109989,0.199990,1.350311,2.819943,0.000184
3782.544000,-0.202064,0.109993,0.200010,1.350337,2.820046,0.000221
3782.552000,-0.202201,0.109999,0.200007,1.350218,2.820101,0.000213
3782.560000,-0.202351,0.110009,0.200008,1.350277,2.820099,0.000333
3782.568000,-0.202507,0.110020,0.200010,1.350313,2.820049,0.000407
3782.576000,-0.202651,0.110019,0.199991,1.350235,2.819976,0.000432
3782.584000,-0.202831,0.110017,0.200004,1.350351,2.819965,0.000393
3782.592000,-0.202994,0.110014,0.199996,1.350293,2.819973,0.000377
3782.600000,-0.203172,0.110017,0.199997,1.350280,2.819952,0.000385
3782.608000,-0.203358,0.110010,0.200010,1.350245,2.820014,0.000344
3782.616000,-0.203539,0.110024,0.200016,1.350333,2.819986,0.000301
3782.624000,-0.203730,0.110018,0.200021,1.350193,2.820128,0.000260
3782.632000,-0.203926,0.110016,0.200013,1.350253,2.820085,0.000260
3782.640000,-0.204112,0.110024,0.200011,1.350303,2.820021,0.000276
3782.648000,-0.204317,0.110022,0.200004,1.350270,2.819999,0.000248
3782.656000,-0.204530,0.110019,0.200005,1.350218,2.819983,0.000305
3782.664000,-0.204732,0.110026,0.200008,1.350212,2.819977,0.000279
3782.672000,-0.204954,0.110036,0.200003,1.350161,2.820003,0.000326
3782.680000,-0.205172,0.110038,0.200008,1.350127,2.820022,0.000290
3782.688000,-0.205391,0.110039,0.200005,1.350244,2.819969,0.000256
3782.696000,-0.205627,0.110037,0.200018,1.350180,2.820056,0.000203
3782.704000,-0.205865,0.110046,0.200023,1.350240,2.820057,0.000210
3782.712000,-0.206102,0.110049,0.200019,1.350232,2.820088,0.000199
3782.720000,-0.206343,0.110049,0.200017,1.350158,2.820071,0.000220
3782.728000,-0.206603,0.110050,0.200030,1.350228,2.820135,0.000160
3782.736000,-0.206862,0.110060,0.200028,1.350247,2.820139,0.000198
3782.744000,-0.207119,0.110057,0.200025,1.350287,2.820097,0.000137
3782.752000,-0.207381,0.110067,0.200048,1.350339,2.820169,0.000075
3782.760000,-0.207645,0.110068,0.200045,1.350209,2.820251,0.000129
3782.768000,-0.207914,0.110074,0.200022,1.350127,2.820172,0.000215
3782.776000,-0.208187,0.110074,0.200033,1.350183,2.820165,0.000186
3782.784000,-0.208460,0.110080,0.200019,1.350259,2.820070,0.000189
3782.792000,-0.208747,0.110094,0.200021,1.350293,2.820102,0.000243
3782.800000,-0.209052,0.110085,0.200031,1.350148,2.820196,0.000229
3782.808000,-0.209345,0.110086,0.200029,1.350130,2.820206,0.000190
3782.816000,-0.209657,0.110099,0.200048,1.350240,2.820226,0.000101
3782.824000,-0.209959,0.110100,0.200042,1.350195,2.820182,0.000169
3782.832000,-0.210257,0.110104,0.200019,1.350198,2.820152,0.000214
3782.840000,-0.210578,0.110107,0.200032,1.350069,2.820237,0.000198
3782.848000,-0.210886,0.110125,0.200020,1.350118,2.820172,0.000290
3782.848000,-0.210886,0.110125,0.200020,1.350118,2.820172,0.000290
3782.864000,-0.211561,0.110124,0.200033,1.350193,2.820214,0.000262
3782.872000,-0.211897,0.110135,0.200014,1.350158,2.820105,0.000326
3782.880000,-0.212230,0.110143,0.200016,1.350123,2.820169,0.000336
3782.888000,-0.212583,0.110137,0.200013,1.350126,2.820139,0.000295
3782.896000,-0.212940,0.110136,0.200027,1.350188,2.820145,0.000187
3782.904000,-0.213304,0.110142,0.200043,1.350260,2.820219,0.000155
3782.912000,-0.213667,0.110153,0.200037,1.350264,2.820192,0.000170
3782.920000,-0.214034,0.110156,0.200048,1.350164,2.820294,0.000152
3782.928000,-0.214404,0.110170,0.200050,1.350282,2.820242,0.000168
3782.936000,-0.214780,0.110164,0.200058,1.350262,2.820299,0.000178
3782.944000,-0.215160,0.110178,0.200044,1.350319,2.820210,0.000259
3782.952000,-0.215553,0.110179,0.200062,1.350202,2.820362,0.000149
3782.960000,-0.215926,0.110193,0.200044,1.350295,2.820215,0.000195
3782.968000,-0.216316,0.110191,0.200047,1.350230,2.820263,0.000203
3782.976000,-0.216719,0.110200,0.200046,1.350220,2.820249,0.000191
3782.984000,-0.217109,0.110204,0.200028,1.350211,2.820151,0.000237
3782.992000,-0.217515,0.110210,0.200030,1.350208,2.820110,0.000241
3783.000000,-0.217937,0.110212,0.200045,1.350258,2.820182,0.000173
3783.008000,-0.218344,0.110217,0.200033,1.350137,2.820153,0.000227
3783.016000,-0.218759,0.110239,0.200028,1.350217,2.820113,0.000348
3783.024000,-0.219197,0.110232,0.200038,1.350236,2.820117,0.000210
3783.032000,-0.219629,0.110233,0.200031,1.350190,2.820160,0.000275
3783.040000,-0.220066,0.110256,0.200034,1.350271,2.820119,0.000269
3783.048000,-0.220495,0.110258,0.200012,1.350159,2.820111,0.000347
3783.056000,-0.220931,0.110264,0.200005,1.350162,2.820037,0.000307
3783.064000,-0.221383,0.110277,0.200018,1.350246,2.820048,0.000287
3783.072000,-0.221849,0.110279,0.200033,1.350296,2.820077,0.000181
3783.080000,-0.222309,0.110288,0.200024,1.350292,2.820076,0.000217
3783.088000,-0.222770,0.110300,0.200024,1.350200,2.820153,0.000270
3783.096000,-0.223249,0.110304,0.200027,1.350224,2.820128,0.000271
3783.104000,-0.223716,0.110315,0.200019,1.350336,2.820025,0.000256
3783.112000,-0.224202,0.110317,0.200017,1.350177,2.820133,0.000225
3783.120000,-0.224688,0.110325,0.200033,1.350186,2.820204,0.000185
3783.128000,-0.225172,0.110340,0.200031,1.350323,2.820108,0.000135
3783.136000,-0.225658,0.110343,0.200023,1.350094,2.820160,0.000226
3783.144000,-0.226143,0.110371,0.200033,1.350229,2.820194,0.000254
3783.152000,-0.226632,0.110368,0.200007,1.350139,2.820102,0.000336
3783.160000,-0.227107,0.110389,0.200015,1.350195,2.820097,0.000312
3783.168000,-0.227601,0.110402,0.200049,1.350292,2.820179,0.000215
3783.176000,-0.228093,0.110401,0.200062,1.350296,2.820241,0.000142
3783.184000,-0.228566,0.110420,0.200080,1.350245,2.820360,0.000026
3783.192000,-0.229040,0.110421,0.200059,1.350193,2.820304,0.000093
3783.200000,-0.229522,0.110440,0.200037,1.350271,2.820169,0.000151
3783.208000,-0.230004,0.110445,0.200050,1.350226,2.820301,0.000129
3783.216000,-0.230467,0.110459,0.200028,1.350097,2.820211,0.000159
3783.224000,-0.230945,0.110472,0.200018,1.350163,2.820183,0.000253
3783.232000,-0.231408,0.110494,0.200031,1.350227,2.820198,0.000212
3783.240000,-0.231870,0.110491,0.200015,1.350072,2.820186,0.000264
3783.248000,-0.232328,0.110508,0.200022,1.350137,2.820200,0.000223
3783.256000,-0.232781,0.110522,0.200016,1.350087,2.820145,0.000206
3783.264000,-0.233236,0.110537,0.200004,1.350014,2.820129,0.000315
3783.272000,-0.233683,0.110553,0.200006,1.350091,2.820126,0.000326
3783.280000,-0.234126,0.110563,0.200004,1.350006,2.820130,0.000302
3783.288000,-0.234552,0.110577,0.199998,1.349943,2.820134,0.000312
3783.296000,-0.235001,0.110588,0.199998,1.350027,2.820099,0.000239
3783.296000,-0.235001,0.110588,0.199998,1.350027,2.820099,0.000239
3783.312000,-0.235891,0.110621,0.200035,1.350082,2.820230,0.000137
3783.320000,-0.236326,0.110642,0.200030,1.350165,2.820153,0.000155
3783.328000,-0.236740,0.110654,0.200012,1.350126,2.820079,0.000274
3783.336000,-0.237166,0.110674,0.200006,1.349990,2.820147,0.000368
3783.344000,-0.237599,0.110683,0.199994,1.350017,2.820080,0.000336
3783.352000,-0.238028,0.110695,0.199994,1.350025,2.820062,0.000339
3783.360000,-0.238453,0.110721,0.200002,1.350005,2.820112,0.000365
3783.368000,-0.238881,0.110729,0.200013,1.350008,2.820127,0.000244
3783.376000,-0.239313,0.110740,0.200024,1.350085,2.820120,0.000196
3783.384000,-0.239726,0.110767,0.200032,1.350063,2.820169,0.000225
3783.392000,-0.240152,0.110774,0.200004,1.350028,2.820101,0.000276
3783.400000,-0.240564,0.110798,0.200012,1.350081,2.820133,0.000355
3783.408000,-0.240961,0.110809,0.199985,1.349897,2.820101,0.000389
3783.416000,-0.241373,0.110847,0.200009,1.350242,2.820007,0.000335
3783.424000,-0.241771,0.110867,0.200018,1.350205,2.820064,0.000322
3783.432000,-0.242193,0.110877,0.200013,1.350043,2.820123,0.000265
3783.440000,-0.242590,0.110886,0.199995,1.350048,2.820053,0.000285
3783.448000,-0.242986,0.110909,0.199988,1.350082,2.820041,0.000297
3783.456000,-0.243377,0.110933,0.199963,1.349966,2.819976,0.000413
3783.464000,-0.243779,0.110951,0.199956,1.350120,2.819913,0.000443
3783.528000,-0.246852,0.111127,0.199952,1.350135,2.819904,0.000421
3783.536000,-0.247235,0.111148,0.199950,1.350151,2.819941,0.000469
3783.544000,-0.247608,0.111175,0.199963,1.350063,2.819983,0.000421
3783.552000,-0.247984,0.111187,0.199973,1.350053,2.820053,0.000394
3783.560000,-0.248343,0.111222,0.199987,1.350169,2.819997,0.000348
3783.568000,-0.248700,0.111239,0.199974,1.350003,2.819999,0.000375
3783.576000,-0.249073,0.111272,0.199986,1.350187,2.819999,0.000332
3783.584000,-0.249450,0.111290,0.199998,1.350015,2.820122,0.000319
3783.592000,-0.249823,0.111306,0.199986,1.350097,2.820041,0.000323
3783.600000,-0.250180,0.111340,0.199989,1.350133,2.820034,0.000352
3783.608000,-0.250557,0.111366,0.199983,1.350004,2.820071,0.000404
3783.616000,-0.250914,0.111393,0.199971,1.350111,2.819996,0.000375
3783.624000,-0.251272,0.111428,0.199982,1.350119,2.819974,0.000361
3783.632000,-0.251630,0.111452,0.199987,1.350206,2.819990,0.000402
3783.640000,-0.251981,0.111486,0.199985,1.350238,2.819927,0.000387
3783.648000,-0.252337,0.111493,0.199985,1.350024,2.820006,0.000358
3783.656000,-0.252677,0.111540,0.199990,1.350293,2.819924,0.000364
3783.664000,-0.253005,0.111561,0.199990,1.350233,2.819976,0.000346
3783.672000,-0.253332,0.111604,0.199964,1.350084,2.819885,0.000470
3783.680000,-0.253673,0.111631,0.199967,1.350212,2.819895,0.000462
3783.688000,-0.254006,0.111679,0.199967,1.350210,2.819895,0.000456
3783.696000,-0.254337,0.111704,0.199966,1.350124,2.819847,0.000450
3783.704000,-0.254656,0.111737,0.199944,1.350158,2.819837,0.000506
3783.712000,-0.254984,0.111767,0.199963,1.350129,2.819864,0.000410
3783.720000,-0.255312,0.111814,0.199971,1.350331,2.819813,0.000459
3783.728000,-0.255628,0.111855,0.199979,1.350201,2.819936,0.000372
3783.736000,-0.255942,0.111893,0.199974,1.350317,2.819833,0.000360
3783.744000,-0.256256,0.111933,0.199977,1.350318,2.819839,0.000415
3783.752000,-0.256567,0.111963,0.199962,1.350256,2.819844,0.000471
3783.760000,-0.256858,0.112027,0.199967,1.350373,2.819787,0.000509
3783.768000,-0.257177,0.112058,0.199963,1.350286,2.819781,0.000454
3783.776000,-0.257468,0.112095,0.199956,1.350280,2.819729,0.000550
3783.784000,-0.257771,0.112145,0.199952,1.350276,2.819768,0.000523
3783.792000,-0.258065,0.112185,0.199939,1.350267,2.819706,0.000543
3783.800000,-0.258355,0.112226,0.199918,1.350237,2.819602,0.000620
3783.808000,-0.258646,0.112277,0.199917,1.350214,2.819600,0.000625
3783.816000,-0.258952,0.112318,0.199931,1.350209,2.819676,0.000573
3783.824000,-0.259241,0.112380,0.199938,1.350235,2.819735,0.000563
3783.832000,-0.259524,0.112427,0.199938,1.350230,2.819679,0.000516
3783.840000,-0.259808,0.112465,0.199927,1.350092,2.819697,0.000545
3783.848000,-0.260099,0.112512,0.199931,1.350150,2.819689,0.000509
3783.856000,-0.260375,0.112574,0.199936,1.350213,2.819694,0.000524
3783.864000,-0.260660,0.112618,0.199934,1.350171,2.819738,0.000547
3783.872000,-0.260935,0.112673,0.199928,1.350104,2.819728,0.000592
3783.880000,-0.261199,0.112739,0.199910,1.350142,2.819638,0.000678
3783.888000,-0.261490,0.112785,0.199903,1.350019,2.819685,0.000682
3783.896000,-0.261759,0.112840,0.199892,1.350041,2.819603,0.000685
3783.904000,-0.262038,0.112913,0.199940,1.350206,2.819773,0.000496
3783.912000,-0.262311,0.112958,0.199938,1.350148,2.819783,0.000485
3783.920000,-0.262582,0.113023,0.199957,1.350211,2.819831,0.000451
3783.928000,-0.262847,0.113082,0.199962,1.350145,2.819823,0.000411
3783.936000,-0.263094,0.113145,0.199941,1.350181,2.819728,0.000482
3783.944000,-0.263380,0.113206,0.199958,1.350178,2.819854,0.000457
3783.952000,-0.263645,0.113271,0.199967,1.350163,2.819952,0.000456
3783.960000,-0.263883,0.113350,0.199960,1.350176,2.819892,0.000509
3783.968000,-0.264134,0.113420,0.199941,1.350182,2.819818,0.000511
3783.976000,-0.264391,0.113480,0.199947,1.350113,2.819889,0.000442
3783.984000,-0.264656,0.113569,0.199965,1.350155,2.819935,0.000413
3783.992000,-0.264905,0.113635,0.199950,1.350149,2.819879,0.000450
3784.000000,-0.265144,0.113706,0.199946,1.350058,2.819906,0.000437
3784.008000,-0.265386,0.113781,0.199929,1.350024,2.819834,0.000471
3784.016000,-0.265626,0.113856,0.199923,1.349999,2.819821,0.000484
3784.024000,-0.265871,0.113949,0.199923,1.350087,2.819833,0.000464
3784.032000,-0.266116,0.114034,0.199935,1.350133,2.819884,0.000455
3784.040000,-0.266350,0.114122,0.199946,1.350137,2.819936,0.000477
3784.048000,-0.266576,0.114212,0.199941,1.350234,2.819880,0.000439
3784.056000,-0.266806,0.114308,0.199952,1.350283,2.819894,0.000411
3784.064000,-0.267047,0.114379,0.199957,1.350209,2.819955,0.000349
3784.072000,-0.267259,0.114484,0.199931,1.350233,2.819871,0.000434
3784.080000,-0.267479,0.114587,0.199914,1.350218,2.819837,0.000476
3784.088000,-0.267697,0.114698,0.199904,1.350219,2.819795,0.000477
3784.096000,-0.267932,0.114782,0.199914,1.350116,2.819882,0.000448
3784.104000,-0.268158,0.114887,0.199906,1.350134,2.819873,0.000484
3784.112000,-0.268376,0.115006,0.199917,1.350208,2.819940,0.000474
3784.120000,-0.268595,0.115105,0.199904,1.350225,2.819886,0.000459
3784.128000,-0.268817,0.115210,0.199921,1.350141,2.819970,0.000403
3784.136000,-0.269036,0.115335,0.199946,1.350289,2.820014,0.000344
3784.144000,-0.269256,0.115437,0.199947,1.350215,2.820076,0.000280
3784.152000,-0.269476,0.115576,0.199949,1.350207,2.820098,0.000322
3784.160000,-0.269682,0.115691,0.199946,1.350225,2.820132,0.000310
3784.168000,-0.269895,0.115810,0.199953,1.350092,2.820154,0.000351
3784.176000,-0.270099,0.115947,0.199954,1.350221,2.820077,0.000292
3784.176000,-0.270099,0.115947,0.199954,1.350221,2.820077,0.000292
3784.176000,-0.270099,0.115947,0.199954,1.350221,2.820077,0.000292
3784.176000,-0.270099,0.115947,0.199954,1.350221,2.820077,0.000292
3784.176000,-0.270099,0.115947,0.199954,1.350221,2.820077,0.000292
3784.176000,-0.270099,0.115947,0.199954,1.350221,2.820077,0.000292
3784.176000,-0.270099,0.115947,0.199954,1.350221,2.820077,0.000292
3784.176000,-0.270099,0.115947,0.199954,1.350221,2.820077,0.000292
3784.224000,-0.271336,0.116786,0.199931,1.350076,2.820095,0.000380
3784.248000,-0.271965,0.117216,0.199929,1.350090,2.820110,0.000321
3784.256000,-0.272178,0.117347,0.199933,1.350099,2.820083,0.000287
3784.264000,-0.272377,0.117492,0.199951,1.350054,2.820113,0.000252
3784.272000,-0.272571,0.117645,0.199913,1.350090,2.820012,0.000298
3784.280000,-0.272788,0.117782,0.199937,1.350043,2.820125,0.000294
3784.288000,-0.272997,0.117948,0.199948,1.350148,2.820127,0.000312
3784.296000,-0.273204,0.118106,0.199931,1.350161,2.820062,0.000340
3784.304000,-0.273407,0.118276,0.199930,1.350204,2.820058,0.000381
3784.312000,-0.273614,0.118421,0.199926,1.350125,2.820021,0.000357
3784.320000,-0.273826,0.118604,0.199905,1.350178,2.819994,0.000387
3784.328000,-0.274030,0.118787,0.199900,1.350252,2.819924,0.000356
3784.336000,-0.274253,0.118964,0.199914,1.350149,2.820008,0.000403
3784.344000,-0.274466,0.119153,0.199927,1.350193,2.820094,0.000405
3784.352000,-0.274676,0.119345,0.199943,1.350256,2.820091,0.000292
3784.360000,-0.274886,0.119546,0.199951,1.350293,2.820075,0.000235
3784.368000,-0.275102,0.119736,0.199949,1.350231,2.820154,0.000191
3784.376000,-0.275317,0.119940,0.199942,1.350222,2.820086,0.000221
3784.384000,-0.275525,0.120155,0.199954,1.350270,2.820134,0.000244
3784.392000,-0.275747,0.120375,0.199965,1.350421,2.820186,0.000254
3784.400000,-0.275960,0.120593,0.199962,1.350522,2.820085,0.000209
3784.408000,-0.276171,0.120817,0.199949,1.350450,2.820057,0.000271
3784.416000,-0.276374,0.121050,0.199940,1.350516,2.820011,0.000202
3784.424000,-0.276614,0.121268,0.199947,1.350337,2.820105,0.000259
3784.432000,-0.276833,0.121515,0.199951,1.350453,2.820123,0.000195
3784.440000,-0.277055,0.121751,0.199931,1.350369,2.820115,0.000308
3784.448000,-0.277263,0.122006,0.199923,1.350404,2.820004,0.000305
3784.456000,-0.277501,0.122253,0.199922,1.350428,2.820045,0.000272
3784.464000,-0.277730,0.122508,0.199947,1.350374,2.820139,0.000188
3784.472000,-0.277964,0.122758,0.199933,1.350282,2.820111,0.000211
3784.480000,-0.278198,0.123026,0.199937,1.350295,2.820174,0.000228
3784.488000,-0.278419,0.123295,0.199942,1.350301,2.820135,0.000330
3784.496000,-0.278655,0.123570,0.199926,1.350336,2.820109,0.000230
3784.504000,-0.278892,0.123838,0.199920,1.350283,2.820031,0.000248
3784.512000,-0.279138,0.124123,0.199938,1.350392,2.820033,0.000212
3784.520000,-0.279399,0.124401,0.199920,1.350418,2.820035,0.000239
3784.528000,-0.279642,0.124694,0.199918,1.350345,2.820046,0.000328
3784.536000,-0.279901,0.124980,0.199908,1.350344,2.820036,0.000369
3784.544000,-0.280170,0.125254,0.199913,1.350264,2.820034,0.000306
3784.552000,-0.280447,0.125540,0.199928,1.350230,2.820124,0.000194
3784.560000,-0.280691,0.125853,0.199908,1.350241,2.820005,0.000273
3784.568000,-0.280970,0.126161,0.199941,1.350314,2.820146,0.000161
3784.576000,-0.281250,0.126463,0.199933,1.350327,2.820122,0.000224
3784.584000,-0.281533,0.126775,0.199943,1.350353,2.820165,0.000243
3784.592000,-0.281803,0.127093,0.199910,1.350301,2.820088,0.000313
3784.600000,-0.282087,0.127391,0.199905,1.350193,2.820072,0.000302
3784.608000,-0.282375,0.127724,0.199903,1.350311,2.820044,0.000275
3784.616000,-0.282682,0.128049,0.199913,1.350309,2.820117,0.000302
3784.624000,-0.282979,0.128366,0.199896,1.350221,2.820053,0.000351
3784.632000,-0.283269,0.128688,0.199888,1.350211,2.819977,0.000244
3784.640000,-0.283569,0.129011,0.199872,1.350134,2.819935,0.000297
3784.648000,-0.283870,0.129353,0.199857,1.350119,2.819892,0.000393
3784.656000,-0.284188,0.129684,0.199869,1.350172,2.819909,0.000415
3784.664000,-0.284512,0.130018,0.199879,1.350224,2.819961,0.000358
3784.672000,-0.284843,0.130337,0.199867,1.350167,2.819919,0.000343
3784.680000,-0.285165,0.130692,0.199883,1.350378,2.819916,0.000314
3784.688000,-0.285496,0.131020,0.199857,1.350306,2.819838,0.000342
3784.696000,-0.285835,0.131361,0.199864,1.350309,2.819881,0.000423
3784.704000,-0.286191,0.131700,0.199876,1.350418,2.819925,0.000333
3784.712000,-0.286538,0.132036,0.199892,1.350474,2.819944,0.000272
3784.720000,-0.286881,0.132387,0.199887,1.350417,2.819989,0.000306
3784.728000,-0.287242,0.132714,0.199886,1.350298,2.820033,0.000337
3784.736000,-0.287599,0.133064,0.199894,1.350485,2.819981,0.000342
3784.744000,-0.287975,0.133388,0.199891,1.350441,2.820010,0.000301
3784.752000,-0.288337,0.133727,0.199880,1.350497,2.819899,0.000331
3784.760000,-0.288704,0.134054,0.199863,1.350419,2.819857,0.000379
3784.768000,-0.289082,0.134387,0.199867,1.350403,2.819899,0.000323
3784.776000,-0.289482,0.134724,0.199855,1.350365,2.819853,0.000320
3784.784000,-0.289877,0.135040,0.199873,1.350357,2.819957,0.000249
3784.792000,-0.290281,0.135393,0.199892,1.350461,2.820037,0.000281
3784.800000,-0.290692,0.135702,0.199883,1.350270,2.820105,0.000277
3784.808000,-0.291102,0.136028,0.199892,1.350251,2.820144,0.000203
3784.816000,-0.291523,0.136353,0.199888,1.350331,2.820127,0.000155
3784.824000,-0.291927,0.136656,0.199880,1.350263,2.820151,0.000205
3784.832000,-0.292335,0.136979,0.199866,1.350237,2.820134,0.000284
3784.840000,-0.292762,0.137293,0.199891,1.350233,2.820245,0.000190
3784.848000,-0.293174,0.137619,0.199878,1.350281,2.820165,0.000224
3784.856000,-0.293600,0.137920,0.199856,1.350290,2.820045,0.000190
3784.864000,-0.294028,0.138223,0.199837,1.350227,2.819951,0.000238
3784.872000,-0.294437,0.138549,0.199801,1.350137,2.819844,0.000500
3784.880000,-0.294871,0.138843,0.199794,1.350154,2.819743,0.000453
3784.888000,-0.295328,0.139146,0.199797,1.350210,2.819725,0.000411
3784.896000,-0.295780,0.139443,0.199811,1.350246,2.819791,0.000332
3784.904000,-0.296230,0.139725,0.199800,1.350071,2.819810,0.000329
3784.912000,-0.296691,0.140036,0.199816,1.350315,2.819880,0.000377
3784.920000,-0.297162,0.140314,0.199816,1.350385,2.819889,0.000301
3784.928000,-0.297627,0.140595,0.199823,1.350465,2.819918,0.000272
3784.936000,-0.298102,0.140868,0.199838,1.350402,2.819999,0.000231
3784.944000,-0.298563,0.141141,0.199821,1.350376,2.819940,0.000314
3784.952000,-0.299024,0.141418,0.199826,1.350439,2.819894,0.000288
3784.960000,-0.299492,0.141681,0.199833,1.350415,2.819927,0.000245
3784.968000,-0.299946,0.141944,0.199797,1.350360,2.819763,0.000309
3784.976000,-0.300432,0.142191,0.199806,1.350327,2.819864,0.000293
3784.984000,-0.300920,0.142463,0.199813,1.350404,2.819891,0.000306
3784.992000,-0.301398,0.142718,0.199820,1.350513,2.819899,0.000304
3785.000000,-0.301892,0.142946,0.199800,1.350320,2.819921,0.000228
3785.008000,-0.302372,0.143177,0.199797,1.350183,2.819938,0.000241
3785.016000,-0.302856,0.143420,0.199790,1.350241,2.819882,0.000284
3785.024000,-0.303337,0.143671,0.199779,1.350214,2.819910,0.000384
3785.032000,-0.303843,0.143910,0.199803,1.350270,2.819980,0.000304
3785.040000,-0.304345,0.144117,0.199787,1.350259,2.819911,0.000272
3785.048000,-0.304850,0.144325,0.199782,1.350211,2.819940,0.000340
3785.056000,-0.305335,0.144542,0.199752,1.350165,2.819843,0.000410
3785.064000,-0.305831,0.144756,0.199758,1.350170,2.819850,0.000377
3785.072000,-0.306354,0.144963,0.199793,1.350230,2.819978,0.000369
3785.080000,-0.306863,0.145179,0.199784,1.350350,2.819879,0.000360
3785.088000,-0.307370,0.145362,0.199793,1.350337,2.819894,0.000270
3785.096000,-0.307885,0.145565,0.199812,1.350310,2.819967,0.000211
3785.104000,-0.308415,0.145742,0.199832,1.350449,2.820040,0.000196
3785.104000,-0.308415,0.145742,0.199832,1.350449,2.820040,0.000196
3785.104000,-0.308415,0.145742,0.199832,1.350449,2.820040,0.000196
3785.128000,-0.309951,0.146281,0.199831,1.350297,2.820112,0.000157
3785.136000,-0.310468,0.146454,0.199814,1.350238,2.820075,0.000223
3785.144000,-0.310958,0.146636,0.199788,1.350266,2.819916,0.000250
3785.152000,-0.311472,0.146804,0.199766,1.350255,2.819852,0.000358
3785.160000,-0.312003,0.146951,0.199771,1.350194,2.819943,0.000423
3785.168000,-0.312544,0.147111,0.199755,1.350320,2.819815,0.000312
3785.176000,-0.313062,0.147264,0.199757,1.350376,2.819802,0.000302
3785.184000,-0.313593,0.147392,0.199755,1.350297,2.819771,0.000353
3785.192000,-0.314125,0.147530,0.199760,1.350246,2.819838,0.000289
3785.200000,-0.314635,0.147669,0.199699,1.350190,2.819637,0.000438
3785.208000,-0.315172,0.147809,0.199749,1.350245,2.819800,0.000402
3785.216000,-0.315722,0.147926,0.199740,1.350114,2.819872,0.000375
3785.224000,-0.316246,0.148055,0.199748,1.350277,2.819782,0.000320
3785.232000,-0.316784,0.148163,0.199750,1.350212,2.819824,0.000355
3785.240000,-0.317306,0.148283,0.199724,1.350178,2.819753,0.000396
3785.248000,-0.317839,0.148390,0.199733,1.350222,2.819763,0.000341
3785.256000,-0.318401,0.148483,0.199773,1.350250,2.819957,0.000319
3785.264000,-0.318960,0.148573,0.199748,1.350316,2.819923,0.000362
3785.272000,-0.319494,0.148672,0.199757,1.350347,2.819947,0.000284
3785.280000,-0.320037,0.148754,0.199749,1.350251,2.819965,0.000279
3785.288000,-0.320558,0.148823,0.199749,1.350255,2.819850,0.000278
3785.296000,-0.321083,0.148898,0.199731,1.350239,2.819736,0.000401
3785.304000,-0.321635,0.148959,0.199742,1.350236,2.819780,0.000403
3785.312000,-0.322189,0.149019,0.199771,1.350250,2.819901,0.000345
3785.320000,-0.322725,0.149082,0.199759,1.350273,2.819909,0.000360
3785.328000,-0.323264,0.149142,0.199753,1.350230,2.819910,0.000334
3785.336000,-0.323804,0.149194,0.199718,1.350211,2.819786,0.000364
3785.344000,-0.324351,0.149252,0.199740,1.350331,2.819827,0.000301
3785.352000,-0.324900,0.149299,0.199754,1.350317,2.819848,0.000299
3785.360000,-0.325446,0.149333,0.199761,1.350264,2.819875,0.000304
3785.368000,-0.325990,0.149368,0.199754,1.350321,2.819871,0.000399
3785.376000,-0.326544,0.149413,0.199763,1.350339,2.819914,0.000319
3785.384000,-0.327085,0.149433,0.199732,1.350213,2.819872,0.000356
3785.392000,-0.327635,0.149458,0.199747,1.350392,2.819820,0.000327
3785.400000,-0.328176,0.149467,0.199729,1.350233,2.819837,0.000305
3785.408000,-0.328719,0.149491,0.199710,1.350350,2.819745,0.000390
3785.416000,-0.329270,0.149521,0.199738,1.350359,2.819855,0.000341
3785.424000,-0.329818,0.149496,0.199725,1.350180,2.819839,0.000381
3785.432000,-0.330348,0.149513,0.199718,1.350243,2.819802,0.000353
3785.440000,-0.330896,0.149502,0.199736,1.350275,2.819831,0.000362
3785.448000,-0.331444,0.149494,0.199745,1.350292,2.819874,0.000287
3785.456000,-0.331995,0.149477,0.199743,1.350226,2.819917,0.000272
3785.464000,-0.332534,0.149463,0.199750,1.350291,2.819887,0.000283
3785.472000,-0.333066,0.149450,0.199789,1.350411,2.819933,0.000304
3785.480000,-0.333616,0.149399,0.199758,1.350325,2.819890,0.000358
3785.488000,-0.334158,0.149367,0.199778,1.350355,2.819960,0.000310
3785.496000,-0.334695,0.149330,0.199791,1.350454,2.819918,0.000221
3785.504000,-0.335240,0.149283,0.199814,1.350441,2.819945,0.000244
3785.512000,-0.335784,0.149224,0.199824,1.350443,2.820000,0.000192
3785.520000,-0.336335,0.149180,0.199812,1.350525,2.819963,0.000204
3785.528000,-0.336878,0.149096,0.199831,1.350403,2.820024,0.000219
3785.536000,-0.337430,0.149042,0.199833,1.350437,2.820018,0.000207
3785.544000,-0.337971,0.148978,0.199838,1.350476,2.820066,0.000250
3785.552000,-0.338512,0.148898,0.199823,1.350462,2.820004,0.000320
3785.560000,-0.339042,0.148815,0.199827,1.350444,2.820018,0.000235
3785.568000,-0.339580,0.148724,0.199835,1.350421,2.820065,0.000215
3785.576000,-0.340105,0.148644,0.199819,1.350483,2.819946,0.000257
3785.584000,-0.340630,0.148552,0.199794,1.350423,2.819872,0.000246
3785.592000,-0.341159,0.148462,0.199819,1.350529,2.819933,0.000250
3785.600000,-0.341701,0.148343,0.199804,1.350439,2.819971,0.000231
3785.608000,-0.342227,0.148230,0.199767,1.350433,2.819923,0.000317
3785.616000,-0.342739,0.148130,0.199769,1.350384,2.819920,0.000330
3785.624000,-0.343260,0.148008,0.199736,1.350238,2.819801,0.000424
3785.632000,-0.343783,0.147882,0.199744,1.350282,2.819778,0.000427
3785.640000,-0.344306,0.147754,0.199742,1.350194,2.819777,0.000430
3785.648000,-0.344814,0.147646,0.199749,1.350350,2.819722,0.000402
3785.656000,-0.345352,0.147490,0.199762,1.350266,2.819861,0.000355
3785.664000,-0.345876,0.147354,0.199791,1.350341,2.819943,0.000219
3785.672000,-0.346400,0.147218,0.199803,1.350402,2.819992,0.000201
3785.680000,-0.346901,0.147074,0.199804,1.350331,2.820030,0.000223
3785.688000,-0.347401,0.146926,0.199797,1.350342,2.819979,0.000271
3785.696000,-0.347913,0.146761,0.199798,1.350226,2.820012,0.000306
3785.704000,-0.348405,0.146608,0.199788,1.350182,2.820016,0.000360
3785.712000,-0.348900,0.146441,0.199796,1.350238,2.820060,0.000370
3785.720000,-0.349385,0.146274,0.199786,1.350194,2.820022,0.000367
3785.728000,-0.349867,0.146109,0.199780,1.350204,2.819969,0.000358
3785.736000,-0.350337,0.145941,0.199799,1.350160,2.819979,0.000371
3785.744000,-0.350837,0.145759,0.199812,1.350184,2.820039,0.000282
3785.752000,-0.351306,0.145600,0.199809,1.350236,2.820031,0.000300
3785.760000,-0.351775,0.145414,0.199817,1.350098,2.820102,0.000326
3785.768000,-0.352251,0.145232,0.199815,1.350099,2.820073,0.000288
3785.776000,-0.352705,0.145055,0.199807,1.350061,2.820050,0.000299
3785.784000,-0.353166,0.144860,0.199802,1.350111,2.820034,0.000286
3785.792000,-0.353625,0.144670,0.199815,1.350070,2.820095,0.000293
3785.800000,-0.354058,0.144489,0.199802,1.350171,2.820012,0.000283
3785.808000,-0.354505,0.144289,0.199808,1.350086,2.820063,0.000328
3785.816000,-0.354956,0.144110,0.199808,1.350079,2.820104,0.000318
3785.824000,-0.355391,0.143911,0.199802,1.350177,2.820019,0.000350
3785.832000,-0.355825,0.143716,0.199815,1.350225,2.820004,0.000338
3785.840000,-0.356244,0.143505,0.199787,1.350182,2.819926,0.000404
3785.848000,-0.356675,0.143301,0.199791,1.350136,2.819929,0.000345
3785.856000,-0.357110,0.143100,0.199815,1.350176,2.819984,0.000318
3785.864000,-0.357532,0.142892,0.199828,1.350118,2.820089,0.000351
3785.872000,-0.357935,0.142710,0.199812,1.350240,2.819968,0.000397
3785.880000,-0.358360,0.142489,0.199815,1.350162,2.820032,0.000396
3785.888000,-0.358773,0.142285,0.199826,1.350250,2.820057,0.000394
3785.896000,-0.359156,0.142082,0.199832,1.350196,2.820046,0.000428
3785.904000,-0.359557,0.141859,0.199837,1.350211,2.820045,0.000360
3785.912000,-0.359949,0.141639,0.199845,1.350191,2.820061,0.000393
3785.920000,-0.360348,0.141430,0.199857,1.350241,2.820132,0.000336
3785.928000,-0.360716,0.141232,0.199859,1.350360,2.820047,0.000347
3785.936000,-0.361081,0.141006,0.199850,1.350292,2.820046,0.000342
3785.944000,-0.361450,0.140790,0.199842,1.350290,2.820011,0.000378
3785.952000,-0.361823,0.140571,0.199833,1.350312,2.819982,0.000324
3785.960000,-0.362171,0.140377,0.199839,1.350369,2.819941,0.000389
3785.968000,-0.362511,0.140161,0.199811,1.350420,2.819801,0.000450
3785.976000,-0.362862,0.139951,0.199790,1.350340,2.819773,0.000482
3785.984000,-0.363208,0.139744,0.199793,1.350371,2.819806,0.000453
3785.992000,-0.363552,0.139533,0.199789,1.350314,2.819871,0.000450
3786.000000,-0.363881,0.139323,0.199800,1.350389,2.819865,0.000413
3786.008000,-0.364208,0.139119,0.199821,1.350408,2.819915,0.000378
3786.016000,-0.364534,0.138907,0.199817,1.350405,2.819878,0.000357
3786.024000,-0.364862,0.138691,0.199811,1.350383,2.819887,0.000417
3786.032000,-0.365179,0.138483,0.199831,1.350396,2.819885,0.000392
3786.040000,-0.365488,0.138285,0.199840,1.350357,2.819901,0.000392
3786.048000,-0.365780,0.138072,0.199822,1.350360,2.819790,0.000473
3786.056000,-0.366098,0.137864,0.199842,1.350374,2.819875,0.000401
3786.064000,-0.366407,0.137658,0.199846,1.350373,2.819838,0.000380
3786.072000,-0.366709,0.137450,0.199845,1.350277,2.819952,0.000381
3786.080000,-0.366988,0.137257,0.199858,1.350252,2.819993,0.000344
3786.088000,-0.367282,0.137044,0.199850,1.350211,2.820008,0.000386
3786.096000,-0.367568,0.136836,0.199846,1.350137,2.820035,0.000370
3786.104000,-0.367846,0.136644,0.199847,1.350140,2.820053,0.000399
3786.112000,-0.368123,0.136443,0.199838,1.350026,2.820082,0.000372
3786.120000,-0.368385,0.136246,0.199836,1.350008,2.820054,0.000353
3786.128000,-0.368656,0.136056,0.199840,1.350013,2.820078,0.000357
3786.136000,-0.368921,0.135877,0.199829,1.349952,2.820088,0.000346
3786.144000,-0.369161,0.135705,0.199841,1.350010,2.820048,0.000414
3786.152000,-0.369413,0.135534,0.199846,1.349997,2.820030,0.000386
3786.160000,-0.369674,0.135357,0.199849,1.349992,2.820114,0.000379
3786.168000,-0.369922,0.135173,0.199840,1.349930,2.820079,0.000415
3786.176000,-0.370159,0.135022,0.199842,1.349960,2.820065,0.000373
3786.184000,-0.370403,0.134846,0.199846,1.349922,2.820080,0.000374
3786.192000,-0.370636,0.134689,0.199866,1.349922,2.820132,0.000363
3786.200000,-0.370888,0.134504,0.199876,1.349954,2.820164,0.000337
3786.208000,-0.371120,0.134353,0.199900,1.350091,2.820197,0.000239
3786.216000,-0.371362,0.134187,0.199884,1.350059,2.820182,0.000296
3786.224000,-0.371591,0.134036,0.199892,1.350142,2.820148,0.000271
3786.232000,-0.371831,0.133886,0.199906,1.350073,2.820227,0.000241
3786.240000,-0.372063,0.133722,0.199893,1.350083,2.820171,0.000270
3786.248000,-0.372296,0.133557,0.199880,1.350020,2.820137,0.000305
3786.256000,-0.372514,0.133429,0.199881,1.350169,2.820063,0.000305
3786.264000,-0.372753,0.133265,0.199878,1.350180,2.820011,0.000351
3786.272000,-0.372980,0.133110,0.199870,1.350101,2.820026,0.000382
3786.280000,-0.373210,0.132960,0.199883,1.350203,2.820029,0.000270
3786.288000,-0.373441,0.132811,0.199894,1.350236,2.820063,0.000300
3786.296000,-0.373669,0.132663,0.199897,1.350177,2.820121,0.000260
3786.304000,-0.373896,0.132499,0.199884,1.350047,2.820116,0.000337
3786.312000,-0.374125,0.132360,0.199878,1.350060,2.820108,0.000336
3786.320000,-0.374344,0.132219,0.199872,1.350105,2.820037,0.000322
3786.328000,-0.374557,0.132084,0.199883,1.350169,2.820004,0.000321
3786.336000,-0.374783,0.131946,0.199883,1.350150,2.820016,0.000337
3786.344000,-0.375000,0.131814,0.199899,1.350210,2.820060,0.000252
3786.352000,-0.375226,0.131674,0.199906,1.350278,2.820037,0.000244
3786.360000,-0.375446,0.131521,0.199905,1.350190,2.820078,0.000243
3786.368000,-0.375665,0.131383,0.199915,1.350170,2.820131,0.000255
3786.376000,-0.375873,0.131266,0.199884,1.350186,2.820040,0.000320
3786.384000,-0.376099,0.131113,0.199888,1.350201,2.820034,0.000236
3786.392000,-0.376308,0.130986,0.199910,1.350173,2.820071,0.000220
3786.400000,-0.376526,0.130848,0.199900,1.350161,2.820053,0.000292
3786.408000,-0.376743,0.130719,0.199904,1.350180,2.820055,0.000242
3786.416000,-0.376954,0.130582,0.199904,1.350176,2.820055,0.000240
3786.424000,-0.377153,0.130465,0.199893,1.350237,2.819972,0.000310
3786.432000,-0.377367,0.130341,0.199887,1.350149,2.819970,0.000311
3786.440000,-0.377586,0.130222,0.199905,1.350280,2.820031,0.000297
3786.448000,-0.377799,0.130082,0.199906,1.350221,2.820046,0.000260
3786.456000,-0.378011,0.129962,0.199908,1.350253,2.820030,0.000217
3786.464000,-0.378211,0.129840,0.199874,1.350236,2.819916,0.000347
3786.472000,-0.378409,0.129721,0.199866,1.350201,2.819894,0.000367
3786.480000,-0.378612,0.129602,0.199845,1.350128,2.819834,0.000440
3786.488000,-0.378818,0.129480,0.199859,1.350229,2.819834,0.000368
3786.496000,-0.379036,0.129358,0.199854,1.350202,2.819830,0.000414
3786.504000,-0.379261,0.129238,0.199904,1.350274,2.819984,0.000277
3786.512000,-0.379458,0.129120,0.199894,1.350255,2.819952,0.000339
3786.520000,-0.379665,0.129006,0.199882,1.350133,2.819965,0.000484
3786.528000,-0.379876,0.128888,0.199883,1.350116,2.820022,0.000410
3786.536000,-0.380075,0.128781,0.199876,1.350212,2.819970,0.000491
3786.544000,-0.380276,0.128673,0.199897,1.350209,2.820013,0.000442
3786.552000,-0.380488,0.128565,0.199902,1.350268,2.820009,0.000382
3786.560000,-0.380684,0.128460,0.199888,1.350229,2.819980,0.000467
3786.568000,-0.380885,0.128350,0.199910,1.350244,2.820014,0.000377
3786.576000,-0.381102,0.128232,0.199900,1.350261,2.820014,0.000408
3786.584000,-0.381293,0.128121,0.199914,1.350255,2.820050,0.000426
3786.592000,-0.381496,0.127988,0.199910,1.350129,2.820056,0.000394
3786.600000,-0.381684,0.127893,0.199909,1.350244,2.819957,0.000396
3786.608000,-0.381878,0.127788,0.199913,1.350201,2.820003,0.000437
3786.616000,-0.382082,0.127684,0.199924,1.350199,2.820045,0.000387
3786.624000,-0.382290,0.127573,0.199936,1.350215,2.820126,0.000350
3786.632000,-0.382482,0.127472,0.199960,1.350216,2.820179,0.000293
3786.640000,-0.382674,0.127386,0.199958,1.350263,2.820194,0.000326
3786.648000,-0.382867,0.127288,0.199933,1.350262,2.820067,0.000337
3786.656000,-0.383054,0.127185,0.199932,1.350305,2.820074,0.000337
3786.664000,-0.383242,0.127089,0.199908,1.350294,2.819973,0.000376
3786.672000,-0.383438,0.126981,0.199890,1.350285,2.819918,0.000428
3786.680000,-0.383628,0.126876,0.199890,1.350282,2.819913,0.000407
3786.688000,-0.383835,0.126768,0.199896,1.350255,2.819952,0.000407
3786.696000,-0.384021,0.126681,0.199877,1.350288,2.819893,0.000408
3786.704000,-0.384212,0.126589,0.199897,1.350344,2.819928,0.000427
3786.712000,-0.384415,0.126488,0.199912,1.350296,2.820048,0.000321
3786.720000,-0.384601,0.126403,0.199899,1.350330,2.819952,0.000303
3786.728000,-0.384793,0.126317,0.199912,1.350419,2.819971,0.000363
3786.736000,-0.384988,0.126208,0.199932,1.350350,2.820049,0.000331
3786.744000,-0.385161,0.126115,0.199892,1.350266,2.819924,0.000406
3786.752000,-0.385360,0.126007,0.199917,1.350238,2.819956,0.000328
3786.760000,-0.385546,0.125940,0.199928,1.350319,2.819957,0.000318
3786.768000,-0.385739,0.125831,0.199930,1.350218,2.819970,0.000355
3786.776000,-0.385922,0.125744,0.199914,1.350196,2.819930,0.000380
3786.784000,-0.386097,0.125665,0.199891,1.350277,2.819798,0.000412
3786.792000,-0.386288,0.125585,0.199917,1.350248,2.819917,0.000382
3786.800000,-0.386478,0.125492,0.199905,1.350251,2.819885,0.000376
3786.808000,-0.386674,0.125391,0.199939,1.350233,2.820025,0.000290
3786.816000,-0.386858,0.125311,0.199929,1.350170,2.820027,0.000342
3786.824000,-0.387057,0.125208,0.199944,1.350224,2.820098,0.000237
3786.832000,-0.387245,0.125122,0.199937,1.350164,2.820110,0.000282
3786.840000,-0.387426,0.125034,0.199932,1.350179,2.820058,0.000283
3786.848000,-0.387605,0.124965,0.199941,1.350254,2.820045,0.000264
3786.856000,-0.387803,0.124867,0.199943,1.350229,2.820085,0.000220
3786.864000,-0.387983,0.124780,0.199952,1.350239,2.820108,0.000218
3786.872000,-0.388175,0.124701,0.199939,1.350213,2.820100,0.000204
3786.880000,-0.388343,0.124627,0.199900,1.350174,2.819985,0.000383
3786.888000,-0.388526,0.124540,0.199934,1.350233,2.820024,0.000275
3786.896000,-0.388703,0.124472,0.199925,1.350212,2.819988,0.000317
3786.904000,-0.388884,0.124402,0.199921,1.350203,2.820014,0.000297
3786.912000,-0.389069,0.124303,0.199912,1.350189,2.819949,0.000397
3786.920000,-0.389247,0.124227,0.199928,1.350158,2.820017,0.000338
3786.928000,-0.389430,0.124143,0.199896,1.350091,2.819970,0.000462
3786.936000,-0.389612,0.124074,0.199911,1.350154,2.820017,0.000429
3786.944000,-0.389791,0.123985,0.199897,1.350076,2.819991,0.000462
3786.952000,-0.389977,0.123911,0.199896,1.350093,2.820029,0.000428
3786.960000,-0.390157,0.123838,0.199905,1.350112,2.820071,0.000410
3786.968000,-0.390336,0.123762,0.199893,1.350117,2.820000,0.000426
3786.976000,-0.390507,0.123687,0.199889,1.350129,2.819983,0.000345
3786.984000,-0.390695,0.123601,0.199885,1.350122,2.819976,0.000408
3786.992000,-0.390866,0.123543,0.199899,1.350139,2.820017,0.000431
3787.000000,-0.391044,0.123473,0.199904,1.350154,2.820008,0.000426
3787.008000,-0.391217,0.123399,0.199886,1.350118,2.819981,0.000468
3787.016000,-0.391389,0.123310,0.199898,1.350107,2.819961,0.000397
3787.024000,-0.391560,0.123230,0.199888,1.350096,2.819903,0.000431
3787.032000,-0.391747,0.123162,0.199898,1.350115,2.819988,0.000406
3787.040000,-0.391929,0.123094,0.199910,1.350134,2.820027,0.000328
3787.048000,-0.392104,0.123027,0.199935,1.350242,2.820040,0.000262
3787.056000,-0.392290,0.122946,0.199923,1.350120,2.820093,0.000340
3787.064000,-0.392453,0.122882,0.199949,1.350144,2.820105,0.000278
3787.072000,-0.392629,0.122828,0.199935,1.350201,2.820055,0.000346
3787.080000,-0.392808,0.122747,0.199937,1.350156,2.820093,0.000309
3787.088000,-0.392978,0.122684,0.199928,1.350115,2.820056,0.000317
3787.096000,-0.393156,0.122605,0.199923,1.350109,2.820049,0.000338
3787.104000,-0.393319,0.122566,0.199899,1.350179,2.819935,0.000360
3787.104000,-0.393319,0.122566,0.199899,1.350179,2.819935,0.000360
3787.120000,-0.393673,0.122407,0.199929,1.350145,2.820048,0.000349
3787.128000,-0.393852,0.122356,0.199954,1.350231,2.820143,0.000277
3787.136000,-0.394016,0.122273,0.199918,1.350075,2.820040,0.000361
3787.144000,-0.394177,0.122240,0.199913,1.350298,2.819943,0.000349
3787.152000,-0.394348,0.122179,0.199934,1.350304,2.820004,0.000322
3787.160000,-0.394521,0.122095,0.199921,1.350228,2.819979,0.000313
3787.168000,-0.394696,0.122011,0.199927,1.350128,2.820036,0.000343
3787.176000,-0.394862,0.121961,0.199928,1.350187,2.820033,0.000381
3787.184000,-0.395030,0.121895,0.199917,1.350144,2.820033,0.000409
3787.192000,-0.395196,0.121830,0.199930,1.350134,2.820059,0.000430
3787.200000,-0.395354,0.121793,0.199917,1.350212,2.819966,0.000395
3787.208000,-0.395530,0.121714,0.199914,1.350126,2.820009,0.000450
3787.216000,-0.395695,0.121660,0.199924,1.350220,2.819992,0.000405
3787.224000,-0.395852,0.121613,0.199918,1.350126,2.819974,0.000477
3787.232000,-0.396026,0.121535,0.199927,1.350107,2.819981,0.000431
3787.240000,-0.396187,0.121481,0.199926,1.350129,2.819944,0.000441
3787.248000,-0.396354,0.121424,0.199940,1.350037,2.820015,0.000437
3787.256000,-0.396512,0.121375,0.199935,1.350098,2.819972,0.000439
3787.264000,-0.396686,0.121302,0.199940,1.350023,2.820037,0.000393
3787.272000,-0.396860,0.121244,0.199969,1.350076,2.820109,0.000427
3787.280000,-0.397024,0.121196,0.199950,1.350099,2.820071,0.000436
3787.288000,-0.397196,0.121124,0.199968,1.350057,2.820116,0.000332
3787.296000,-0.397356,0.121084,0.199952,1.350184,2.820038,0.000418
3787.304000,-0.397521,0.121018,0.199961,1.350025,2.820101,0.000378
3787.312000,-0.397681,0.120979,0.199974,1.350132,2.820110,0.000435
3787.320000,-0.397840,0.120933,0.199945,1.350199,2.819993,0.000441
3787.328000,-0.398004,0.120865,0.199944,1.350052,2.820037,0.000450
3787.336000,-0.398168,0.120820,0.199981,1.350251,2.820067,0.000344
3787.344000,-0.398333,0.120755,0.199964,1.350195,2.820037,0.000352
3787.352000,-0.398503,0.120691,0.199966,1.350071,2.820128,0.000406
3787.360000,-0.398666,0.120649,0.199972,1.350243,2.820057,0.000351
3787.368000,-0.398843,0.120579,0.199994,1.350161,2.820192,0.000242
3787.376000,-0.398989,0.120541,0.199978,1.350248,2.820074,0.000325
3787.384000,-0.399161,0.120482,0.199959,1.350146,2.820078,0.000325
3787.392000,-0.399319,0.120433,0.199954,1.350179,2.820066,0.000336
3787.400000,-0.399485,0.120363,0.199970,1.350194,2.820058,0.000289
3787.408000,-0.399643,0.120328,0.199974,1.350168,2.820092,0.000267
3787.416000,-0.399811,0.120265,0.199951,1.350082,2.820088,0.000309
3787.424000,-0.399965,0.120222,0.199954,1.350139,2.820082,0.000330
3787.432000,-0.400121,0.120180,0.199963,1.350081,2.820135,0.000367
3787.440000,-0.400287,0.120130,0.199956,1.350252,2.820060,0.000254
3787.448000,-0.400454,0.120065,0.199963,1.350187,2.820147,0.000293
3787.456000,-0.400612,0.120023,0.199966,1.350170,2.820154,0.000244
3787.464000,-0.400773,0.119969,0.199976,1.350283,2.820137,0.000318
3787.472000,-0.400926,0.119937,0.199939,1.350182,2.820099,0.000322
3787.480000,-0.401085,0.119874,0.199962,1.350160,2.820143,0.000335
3787.488000,-0.401235,0.119828,0.199952,1.350215,2.820048,0.000352
3787.496000,-0.401379,0.119784,0.199953,1.350097,2.820066,0.000410
3787.504000,-0.401531,0.119724,0.199933,1.350190,2.819916,0.000451
3787.512000,-0.401686,0.119683,0.199943,1.350074,2.819982,0.000436
3787.520000,-0.401850,0.119639,0.199949,1.350157,2.819982,0.000424
3787.528000,-0.402005,0.119597,0.199945,1.350167,2.819963,0.000384
3787.536000,-0.402165,0.119549,0.199955,1.350094,2.820073,0.000390
3787.544000,-0.402324,0.119500,0.199939,1.350239,2.819946,0.000441
3787.552000,-0.402483,0.119449,0.199924,1.349987,2.820071,0.000408
3787.560000,-0.402642,0.119399,0.199923,1.350002,2.820062,0.000402
3787.568000,-0.402785,0.119368,0.199924,1.350135,2.819995,0.000397
3787.576000,-0.402933,0.119321,0.199921,1.350036,2.820051,0.000467
3787.584000,-0.403093,0.119309,0.199911,1.350307,2.819926,0.000436
3787.592000,-0.403252,0.119236,0.199925,1.350082,2.820066,0.000448
3787.600000,-0.403401,0.119219,0.199937,1.350244,2.820017,0.000401
3787.608000,-0.403562,0.119170,0.199923,1.350231,2.819995,0.000453
3787.616000,-0.403712,0.119130,0.199909,1.350160,2.819979,0.000477
3787.624000,-0.403860,0.119083,0.199943,1.350347,2.819979,0.000394
3787.632000,-0.404012,0.119053,0.199938,1.350354,2.819955,0.000419
3787.640000,-0.404157,0.119002,0.199947,1.350252,2.819964,0.000437
3787.648000,-0.404304,0.118972,0.199938,1.350393,2.819869,0.000489
3787.656000,-0.404468,0.118935,0.199954,1.350247,2.819999,0.000399
3787.664000,-0.404618,0.118901,0.199936,1.350340,2.819896,0.000491
3787.672000,-0.404773,0.118854,0.199946,1.350386,2.819946,0.000397
3787.680000,-0.404930,0.118789,0.199959,1.350158,2.820082,0.000392
3787.688000,-0.405071,0.118767,0.199958,1.350385,2.819995,0.000372
3787.696000,-0.405217,0.118729,0.199936,1.350349,2.819967,0.000455
3787.704000,-0.405378,0.118679,0.199941,1.350253,2.820024,0.000357
3787.712000,-0.405534,0.118641,0.199950,1.350454,2.820014,0.000357
3787.720000,-0.405679,0.118600,0.199946,1.350421,2.819992,0.000374
3787.728000,-0.405822,0.118556,0.199955,1.350327,2.820012,0.000341
3787.736000,-0.405979,0.118514,0.199935,1.350404,2.819922,0.000450
3787.744000,-0.406118,0.118478,0.199939,1.350298,2.819960,0.000368
3787.752000,-0.406265,0.118433,0.199940,1.350311,2.819945,0.000387
3787.760000,-0.406405,0.118377,0.199895,1.350331,2.819777,0.000484
3787.768000,-0.406558,0.118334,0.199896,1.350152,2.819879,0.000444
3787.776000,-0.406712,0.118288,0.199923,1.350173,2.819927,0.000399
3787.784000,-0.406848,0.118270,0.199912,1.350278,2.819846,0.000391
3787.792000,-0.407003,0.118212,0.199915,1.350098,2.819946,0.000436
3787.800000,-0.407139,0.118194,0.199898,1.350262,2.819817,0.000461
3787.808000,-0.407299,0.118133,0.199891,1.350142,2.819872,0.000455
3787.816000,-0.407446,0.118101,0.199929,1.350142,2.819961,0.000369
3787.824000,-0.407586,0.118075,0.199926,1.350280,2.819904,0.000397
3787.832000,-0.407732,0.118027,0.199898,1.350118,2.819871,0.000419
3787.840000,-0.407882,0.117997,0.199945,1.350248,2.819975,0.000346
3787.848000,-0.408034,0.117950,0.199924,1.350301,2.819911,0.000364
3787.856000,-0.408170,0.117926,0.199923,1.350170,2.819900,0.000361
3787.864000,-0.408329,0.117886,0.199915,1.350203,2.819929,0.000365
3787.872000,-0.408479,0.117836,0.199936,1.350245,2.819974,0.000338
3787.880000,-0.408614,0.117807,0.199933,1.350210,2.819947,0.000337
3787.888000,-0.408752,0.117776,0.199927,1.350246,2.819896,0.000372
3787.896000,-0.408892,0.117741,0.199927,1.350282,2.819888,0.000401
3787.904000,-0.409054,0.117696,0.199937,1.350169,2.819999,0.000396
3787.912000,-0.409194,0.117684,0.199941,1.350196,2.819972,0.000396
3787.920000,-0.409339,0.117616,0.199956,1.350210,2.820005,0.000344
3787.928000,-0.409477,0.117605,0.199933,1.350128,2.819964,0.000407
3787.936000,-0.409629,0.117555,0.199968,1.350126,2.820094,0.000358
3787.944000,-0.409762,0.117546,0.199933,1.350348,2.819907,0.000383
3787.952000,-0.409903,0.117497,0.199954,1.350142,2.820046,0.000411
3787.960000,-0.410049,0.117471,0.199969,1.350230,2.820057,0.000306
3787.968000,-0.410186,0.117424,0.199941,1.350205,2.819922,0.000395
3787.976000,-0.410312,0.117428,0.199952,1.350193,2.819985,0.000389
3787.984000,-0.410455,0.117382,0.199968,1.350214,2.819990,0.000393
3787.992000,-0.410592,0.117359,0.199958,1.350406,2.819872,0.000404
3788.000000,-0.410723,0.117330,0.199955,1.350241,2.819919,0.000395
3788.008000,-0.410875,0.117287,0.199961,1.350342,2.819915,0.000442
3788.016000,-0.411001,0.117272,0.199948,1.350339,2.819868,0.000425
3788.024000,-0.411154,0.117224,0.199933,1.350217,2.819918,0.000401
3788.032000,-0.411287,0.117196,0.199961,1.350332,2.819943,0.000425
3788.040000,-0.411421,0.117176,0.199936,1.350349,2.819850,0.000431
3788.048000,-0.411569,0.117116,0.199934,1.350167,2.819952,0.000476
3788.056000,-0.411696,0.117126,0.199962,1.350471,2.819853,0.000396
3788.064000,-0.411832,0.117063,0.199923,1.350290,2.819823,0.000445
3788.072000,-0.411967,0.117045,0.199945,1.350303,2.819851,0.000414
3788.080000,-0.412106,0.116994,0.199948,1.350394,2.819829,0.000437
3788.088000,-0.412243,0.116985,0.199940,1.350324,2.819855,0.000411
3788.096000,-0.412382,0.116935,0.199927,1.350256,2.819847,0.000471
3788.104000,-0.412520,0.116897,0.199937,1.350275,2.819849,0.000458
3788.112000,-0.412655,0.116877,0.199947,1.350210,2.819931,0.000478
3788.120000,-0.412793,0.116854,0.199938,1.350260,2.819904,0.000472
3788.128000,-0.412921,0.116816,0.199956,1.350301,2.819907,0.000451
3788.136000,-0.413063,0.116793,0.199960,1.350353,2.819928,0.000413
3788.144000,-0.413205,0.116747,0.199970,1.350199,2.820042,0.000400
3788.152000,-0.413334,0.116733,0.199967,1.350371,2.819928,0.000392
3788.160000,-0.413463,0.116694,0.199949,1.350335,2.819858,0.000442
3788.168000,-0.413599,0.116674,0.199970,1.350314,2.819944,0.000447
3788.176000,-0.413735,0.116641,0.199957,1.350326,2.819888,0.000472
3788.184000,-0.413875,0.116609,0.199974,1.350394,2.819943,0.000428
3788.192000,-0.414015,0.116575,0.199982,1.350312,2.820029,0.000348
3788.200000,-0.414145,0.116556,0.199985,1.350351,2.819985,0.000357
3788.208000,-0.414283,0.116526,0.200000,1.350457,2.820033,0.000348
3788.216000,-0.414413,0.116506,0.199999,1.350429,2.820020,0.000315
3788.224000,-0.414543,0.116458,0.200005,1.350300,2.820057,0.000325
3788.232000,-0.414688,0.116447,0.199994,1.350522,2.819959,0.000353
3788.240000,-0.414810,0.116420,0.200002,1.350406,2.819982,0.000386
3788.248000,-0.414935,0.116390,0.200001,1.350292,2.820009,0.000479
3788.256000,-0.415078,0.116361,0.199995,1.350373,2.819962,0.000456
3788.264000,-0.415195,0.116344,0.199976,1.350348,2.819869,0.000538
3788.272000,-0.415337,0.116319,0.199990,1.350363,2.819903,0.000482
3788.280000,-0.415461,0.116280,0.199972,1.350396,2.819844,0.000484
3788.288000,-0.415591,0.116238,0.199978,1.350261,2.819908,0.000394
3788.296000,-0.415726,0.116230,0.199985,1.350281,2.819950,0.000372
3788.304000,-0.415864,0.116186,0.199992,1.350333,2.820018,0.000388
3788.312000,-0.415993,0.116164,0.200006,1.350445,2.819992,0.000383
3788.320000,-0.416129,0.116132,0.199997,1.350378,2.820027,0.000394
3788.328000,-0.416260,0.116115,0.199986,1.350353,2.820021,0.000336
3788.336000,-0.416403,0.116056,0.199993,1.350324,2.820092,0.000375
3788.344000,-0.416521,0.116046,0.199979,1.350224,2.820055,0.000297
3788.352000,-0.416640,0.116032,0.199975,1.350262,2.820009,0.000391
3788.360000,-0.416767,0.115991,0.199981,1.350317,2.819998,0.000437
3788.368000,-0.416906,0.115956,0.199976,1.350321,2.820006,0.000382
3788.376000,-0.417026,0.115942,0.199967,1.350238,2.820008,0.000398
3788.384000,-0.417153,0.115925,0.199975,1.350362,2.819965,0.000401
3788.392000,-0.417282,0.115890,0.199949,1.350314,2.819907,0.000426
3788.400000,-0.417420,0.115852,0.199980,1.350189,2.820043,0.000389
3788.408000,-0.417545,0.115826,0.199946,1.350195,2.819928,0.000496
3788.416000,-0.417658,0.115826,0.199965,1.350390,2.819901,0.000426
3788.424000,-0.417783,0.115780,0.199951,1.350191,2.819922,0.000425
3788.432000,-0.417912,0.115765,0.199958,1.350201,2.819945,0.000461
3788.440000,-0.418049,0.115738,0.199972,1.350344,2.819941,0.000350
3788.448000,-0.418167,0.115710,0.199954,1.350295,2.819884,0.000416
3788.456000,-0.418303,0.115684,0.199969,1.350218,2.820027,0.000379
3788.464000,-0.418422,0.115671,0.199963,1.350349,2.819955,0.000399
3788.472000,-0.418547,0.115636,0.199948,1.350344,2.819903,0.000408
3788.480000,-0.418683,0.115634,0.199976,1.350380,2.820021,0.000330
3788.488000,-0.418798,0.115604,0.199977,1.350312,2.820010,0.000331
3788.496000,-0.418914,0.115585,0.199954,1.350428,2.819868,0.000382
3788.504000,-0.419049,0.115533,0.199971,1.350298,2.819988,0.000378
3788.512000,-0.419169,0.115529,0.199974,1.350300,2.819991,0.000346
3788.520000,-0.419284,0.115509,0.199937,1.350400,2.819815,0.000404
3788.528000,-0.419409,0.115487,0.199946,1.350408,2.819833,0.000423
3788.536000,-0.419536,0.115457,0.199941,1.350301,2.819829,0.000431
3788.544000,-0.419656,0.115425,0.199933,1.350261,2.819834,0.000475
3788.552000,-0.419776,0.115427,0.199928,1.350411,2.819801,0.000463
3788.560000,-0.419903,0.115389,0.199932,1.350354,2.819857,0.000457
3788.568000,-0.420016,0.115372,0.199900,1.350338,2.819737,0.000472
3788.576000,-0.420143,0.115347,0.199906,1.350342,2.819791,0.000511
3788.584000,-0.420265,0.115337,0.199919,1.350464,2.819744,0.000454
3788.592000,-0.420397,0.115307,0.199954,1.350441,2.819868,0.000351
3788.600000,-0.420509,0.115307,0.199950,1.350438,2.819866,0.000428
3788.608000,-0.420626,0.115282,0.199929,1.350534,2.819764,0.000438
3788.616000,-0.420754,0.115260,0.199937,1.350445,2.819841,0.000449
3788.624000,-0.420870,0.115235,0.199942,1.350386,2.819850,0.000434
3788.632000,-0.420994,0.115210,0.199953,1.350435,2.819866,0.000380
3788.640000,-0.421116,0.115182,0.199961,1.350474,2.819864,0.000383
3788.648000,-0.421241,0.115166,0.199958,1.350421,2.819928,0.000411
3788.656000,-0.421370,0.115120,0.199957,1.350365,2.819942,0.000372
3788.664000,-0.421472,0.115126,0.199964,1.350516,2.819867,0.000366
3788.672000,-0.421588,0.115119,0.199952,1.350567,2.819804,0.000425
3788.680000,-0.421713,0.115080,0.199959,1.350407,2.819903,0.000403
3788.688000,-0.421824,0.115071,0.199941,1.350406,2.819817,0.000453
3788.696000,-0.421947,0.115018,0.199960,1.350432,2.819874,0.000443
3788.704000,-0.422049,0.115021,0.199926,1.350410,2.819787,0.000541
3788.712000,-0.422173,0.114981,0.199930,1.350331,2.819840,0.000503
3788.720000,-0.422293,0.114962,0.199953,1.350411,2.819837,0.000474
3788.728000,-0.422407,0.114954,0.199948,1.350428,2.819832,0.000484
3788.736000,-0.422528,0.114928,0.199949,1.350430,2.819836,0.000453
3788.744000,-0.422643,0.114914,0.199960,1.350369,2.819928,0.000508
3788.752000,-0.422768,0.114886,0.199931,1.350298,2.819865,0.000481
3788.760000,-0.422879,0.114884,0.199963,1.350459,2.819857,0.000470
3788.768000,-0.423001,0.114851,0.199965,1.350437,2.819860,0.000488
3788.776000,-0.423103,0.114833,0.199944,1.350341,2.819791,0.000495
3788.784000,-0.423219,0.114794,0.199937,1.350304,2.819759,0.000522
3788.792000,-0.423334,0.114791,0.199937,1.350361,2.819748,0.000525
3788.800000,-0.423455,0.114759,0.199931,1.350251,2.819821,0.000545
3788.808000,-0.423574,0.114725,0.199945,1.350243,2.819849,0.000440
3788.816000,-0.423691,0.114699,0.199950,1.350248,2.819861,0.000485
3788.824000,-0.423805,0.114695,0.199985,1.350402,2.819882,0.000416
3788.832000,-0.423926,0.114685,0.199992,1.350422,2.819925,0.000352
3788.840000,-0.424044,0.114656,0.199975,1.350354,2.819913,0.000395
3788.848000,-0.424158,0.114649,0.199981,1.350439,2.819918,0.000399
3788.856000,-0.424261,0.114622,0.199977,1.350425,2.819846,0.000383
3788.864000,-0.424377,0.114593,0.199975,1.350320,2.819889,0.000402
3788.872000,-0.424508,0.114565,0.199976,1.350310,2.819957,0.000373
3788.880000,-0.424632,0.114536,0.199994,1.350351,2.820001,0.000345
3788.888000,-0.424730,0.114532,0.199965,1.350408,2.819864,0.000410
3788.896000,-0.424845,0.114504,0.199971,1.350235,2.819980,0.000422
3788.904000,-0.424957,0.114498,0.199980,1.350302,2.819947,0.000374
3788.912000,-0.425061,0.114499,0.200001,1.350488,2.819904,0.000337
3788.920000,-0.425177,0.114471,0.200003,1.350388,2.819956,0.000348
3788.928000,-0.425291,0.114445,0.200016,1.350438,2.819973,0.000293
3788.936000,-0.425405,0.114434,0.200001,1.350393,2.820009,0.000338
3788.944000,-0.425507,0.114400,0.199986,1.350316,2.819938,0.000321
3788.952000,-0.425625,0.114394,0.200008,1.350472,2.819963,0.000310
3788.960000,-0.425728,0.114380,0.199980,1.350370,2.819926,0.000359
3788.968000,-0.425839,0.114372,0.199985,1.350316,2.819985,0.000370
3788.976000,-0.425952,0.114347,0.199995,1.350416,2.819978,0.000317
3788.984000,-0.426069,0.114314,0.199971,1.350378,2.819945,0.000386
3788.992000,-0.426189,0.114322,0.200029,1.350541,2.820065,0.000184
3789.000000,-0.426295,0.114280,0.200017,1.350429,2.820097,0.000255
3789.008000,-0.426381,0.114278,0.199985,1.350393,2.819980,0.000379
3789.016000,-0.426490,0.114254,0.199980,1.350442,2.819909,0.000321
3789.024000,-0.426597,0.114251,0.199991,1.350423,2.819957,0.000308
3789.032000,-0.426702,0.114233,0.200006,1.350447,2.819968,0.000328
3789.040000,-0.426812,0.114219,0.199980,1.350372,2.819942,0.000362
3789.048000,-0.426912,0.114184,0.199986,1.350352,2.819902,0.000390
3789.056000,-0.427017,0.114186,0.199983,1.350435,2.819818,0.000432
3789.064000,-0.427122,0.114164,0.199978,1.350370,2.819812,0.000408
3789.072000,-0.427232,0.114157,0.199981,1.350427,2.819806,0.000428
3789.080000,-0.427331,0.114144,0.199971,1.350365,2.819810,0.000480
3789.088000,-0.427434,0.114122,0.199959,1.350396,2.819746,0.000465
3789.096000,-0.427554,0.114104,0.199967,1.350421,2.819798,0.000436
3789.104000,-0.427660,0.114082,0.199954,1.350345,2.819814,0.000505
3789.112000,-0.427782,0.114068,0.199993,1.350417,2.819921,0.000404
3789.112000,-0.427782,0.114068,0.199993,1.350417,2.819921,0.000404
3789.128000,-0.427992,0.114026,0.199961,1.350479,2.819793,0.000416
3789.136000,-0.428107,0.114027,0.200004,1.350533,2.819946,0.000289
3789.144000,-0.428212,0.113990,0.200011,1.350409,2.819997,0.000350
3789.152000,-0.428314,0.113986,0.199999,1.350404,2.819985,0.000352
3789.160000,-0.428417,0.113959,0.199975,1.350467,2.819858,0.000370
3789.168000,-0.428525,0.113934,0.199965,1.350422,2.819853,0.000381
3789.176000,-0.428633,0.113921,0.199981,1.350393,2.819925,0.000376
3789.184000,-0.428735,0.113896,0.199975,1.350424,2.819860,0.000404
3789.192000,-0.428830,0.113900,0.199951,1.350411,2.819834,0.000480
3789.200000,-0.428940,0.113873,0.199971,1.350379,2.819896,0.000401
3789.208000,-0.429043,0.113866,0.199970,1.350389,2.819878,0.000444
3789.216000,-0.429161,0.113830,0.200014,1.350312,2.820063,0.000318
3789.224000,-0.429263,0.113826,0.200014,1.350393,2.820016,0.000337
3789.232000,-0.429365,0.113805,0.200012,1.350494,2.819967,0.000291
3789.240000,-0.429459,0.113792,0.199993,1.350399,2.819902,0.000399
3789.248000,-0.429573,0.113768,0.199987,1.350325,2.819966,0.000394
3789.256000,-0.429670,0.113742,0.200006,1.350323,2.820007,0.000341
3789.264000,-0.429774,0.113732,0.200011,1.350390,2.819974,0.000335
3789.272000,-0.429882,0.113719,0.200007,1.350396,2.819987,0.000338
3789.280000,-0.429977,0.113720,0.199999,1.350416,2.819945,0.000373
3789.288000,-0.430087,0.113705,0.200002,1.350437,2.819987,0.000311
3789.296000,-0.430200,0.113666,0.200008,1.350344,2.820055,0.000330
3789.304000,-0.430287,0.113671,0.200016,1.350535,2.819980,0.000293
3789.312000,-0.430390,0.113636,0.200011,1.350462,2.820001,0.000297
3789.320000,-0.430492,0.113643,0.200018,1.350482,2.820043,0.000275
3789.328000,-0.430590,0.113632,0.200016,1.350441,2.820044,0.000260
3789.336000,-0.430699,0.113582,0.200011,1.350347,2.820069,0.000288
3789.344000,-0.430798,0.113588,0.199994,1.350496,2.819948,0.000315
3789.352000,-0.430899,0.113568,0.200012,1.350446,2.820017,0.000278
3789.360000,-0.430992,0.113565,0.200010,1.350445,2.819975,0.000320
3789.368000,-0.431101,0.113538,0.200002,1.350352,2.819999,0.000306
3789.376000,-0.431195,0.113531,0.199987,1.350409,2.819946,0.000359
3789.384000,-0.431296,0.113500,0.199996,1.350391,2.819953,0.000354
3789.392000,-0.431394,0.113515,0.199979,1.350438,2.819922,0.000414
3789.400000,-0.431481,0.113492,0.199958,1.350399,2.819844,0.000432
3789.408000,-0.431581,0.113467,0.199942,1.350312,2.819835,0.000459
3789.416000,-0.431691,0.113427,0.199975,1.350262,2.819990,0.000366
3789.424000,-0.431780,0.113424,0.199957,1.350329,2.819872,0.000459
3789.432000,-0.431889,0.113417,0.199974,1.350398,2.819928,0.000330
3789.440000,-0.431986,0.113399,0.199968,1.350286,2.819955,0.000382
3789.448000,-0.432088,0.113392,0.199993,1.350340,2.820029,0.000370
3789.456000,-0.432182,0.113387,0.200000,1.350399,2.820022,0.000349
3789.464000,-0.432285,0.113357,0.199980,1.350353,2.819972,0.000391
3789.472000,-0.432379,0.113352,0.199979,1.350374,2.819972,0.000378
3789.480000,-0.432479,0.113322,0.199973,1.350329,2.819968,0.000390
3789.488000,-0.432571,0.113312,0.199953,1.350256,2.819905,0.000447
3789.496000,-0.432664,0.113295,0.199973,1.350364,2.819913,0.000363
3789.504000,-0.432759,0.113292,0.199976,1.350421,2.819902,0.000365
3789.512000,-0.432851,0.113281,0.199969,1.350397,2.819898,0.000452
3789.520000,-0.432953,0.113279,0.199991,1.350444,2.819953,0.000331
3789.528000,-0.433049,0.113276,0.199963,1.350441,2.819904,0.000399
3789.536000,-0.433148,0.113233,0.199975,1.350368,2.819927,0.000360
3789.544000,-0.433246,0.113228,0.199994,1.350367,2.820013,0.000400
3789.552000,-0.433344,0.113192,0.199986,1.350268,2.819982,0.000342
3789.560000,-0.433432,0.113186,0.199967,1.350317,2.819914,0.000429
3789.568000,-0.433522,0.113183,0.199977,1.350347,2.819934,0.000441
3789.576000,-0.433622,0.113160,0.199965,1.350279,2.819966,0.000477
3789.584000,-0.433711,0.113154,0.199956,1.350283,2.819932,0.000471
3789.592000,-0.433815,0.113128,0.199947,1.350225,2.819939,0.000457
3789.600000,-0.433903,0.113132,0.199973,1.350396,2.819906,0.000378
3789.608000,-0.433991,0.113112,0.199988,1.350357,2.819917,0.000398
3789.616000,-0.434085,0.113128,0.199989,1.350415,2.819951,0.000452
3789.624000,-0.434190,0.113094,0.199970,1.350279,2.819968,0.000395
3789.632000,-0.434276,0.113080,0.199994,1.350250,2.819998,0.000399
3789.640000,-0.434376,0.113063,0.199979,1.350265,2.819989,0.000478
3789.648000,-0.434455,0.113066,0.199998,1.350462,2.819929,0.000491
3789.656000,-0.434555,0.113027,0.199993,1.350337,2.819970,0.000436
3789.664000,-0.434641,0.113015,0.199969,1.350265,2.819907,0.000453
3789.672000,-0.434734,0.113007,0.199953,1.350204,2.819910,0.000505
3789.680000,-0.434820,0.113012,0.199964,1.350274,2.819883,0.000474
3789.688000,-0.434912,0.113013,0.199967,1.350309,2.819912,0.000436
3789.696000,-0.435018,0.112951,0.199978,1.350140,2.820039,0.000401
3789.704000,-0.435107,0.112962,0.199977,1.350313,2.819967,0.000387
3789.712000,-0.435193,0.112952,0.199965,1.350316,2.819928,0.000407
3789.720000,-0.435283,0.112941,0.199965,1.350302,2.819904,0.000400
3789.728000,-0.435375,0.112943,0.199978,1.350320,2.819941,0.000404
3789.736000,-0.435466,0.112919,0.199977,1.350312,2.819925,0.000433
3789.744000,-0.435540,0.112931,0.199960,1.350340,2.819856,0.000484
3789.752000,-0.435641,0.112884,0.199955,1.350211,2.819892,0.000496
3789.760000,-0.435726,0.112884,0.199942,1.350192,2.819894,0.000474
3789.768000,-0.435818,0.112884,0.199959,1.350214,2.819899,0.000435
3789.776000,-0.435914,0.112839,0.199950,1.350051,2.819952,0.000488
3789.784000,-0.435994,0.112861,0.199916,1.350175,2.819819,0.000531
3789.792000,-0.436083,0.112814,0.199918,1.350148,2.819807,0.000544
3789.800000,-0.436176,0.112832,0.199928,1.350237,2.819822,0.000539
3789.808000,-0.436263,0.112814,0.199947,1.350215,2.819862,0.000452
3789.816000,-0.436353,0.112801,0.199935,1.350192,2.819859,0.000497
3789.824000,-0.436442,0.112806,0.199966,1.350217,2.819954,0.000418
3789.832000,-0.436534,0.112785,0.199965,1.350228,2.819977,0.000373
3789.840000,-0.436615,0.112787,0.199971,1.350272,2.819895,0.000324
3789.848000,-0.436712,0.112771,0.199960,1.350369,2.819883,0.000379
3789.856000,-0.436797,0.112761,0.199974,1.350341,2.819913,0.000383
3789.864000,-0.436883,0.112764,0.199981,1.350354,2.819941,0.000395
3789.872000,-0.436974,0.112745,0.200004,1.350333,2.819986,0.000282
3789.880000,-0.437057,0.112725,0.199996,1.350320,2.819961,0.000319
3789.888000,-0.437152,0.112703,0.200013,1.350310,2.820029,0.000333
3789.896000,-0.437247,0.112692,0.200005,1.350300,2.820050,0.000295
3789.904000,-0.437333,0.112678,0.200005,1.350311,2.820032,0.000340
3789.912000,-0.437425,0.112636,0.200021,1.350158,2.820146,0.000287
3789.920000,-0.437487,0.112674,0.199995,1.350302,2.819973,0.000371
3789.928000,-0.437579,0.112627,0.200013,1.350193,2.820049,0.000350
3789.936000,-0.437662,0.112648,0.199999,1.350311,2.819949,0.000352
3789.944000,-0.437742,0.112640,0.199992,1.350295,2.819918,0.000413
3789.952000,-0.437825,0.112614,0.199973,1.350205,2.819864,0.000473
3789.960000,-0.437912,0.112625,0.199992,1.350250,2.819913,0.000419
3789.968000,-0.438001,0.112583,0.199998,1.350162,2.819948,0.000398
3789.976000,-0.438083,0.112602,0.200001,1.350189,2.819963,0.000434
3789.984000,-0.438175,0.112571,0.200017,1.350117,2.820032,0.000406
3789.992000,-0.438253,0.112584,0.199999,1.350207,2.819957,0.000358
3790.000000,-0.438350,0.112571,0.200032,1.350410,2.819991,0.000307
3790.008000,-0.438424,0.112560,0.200016,1.350332,2.819961,0.000326
3790.016000,-0.438500,0.112560,0.200007,1.350296,2.819930,0.000353
3790.024000,-0.438605,0.112504,0.200031,1.350222,2.820077,0.000294
3790.032000,-0.438696,0.112521,0.200037,1.350330,2.820126,0.000240
3790.040000,-0.438775,0.112494,0.200000,1.350106,2.820095,0.000306
3790.048000,-0.438854,0.112506,0.200025,1.350287,2.820083,0.000271
3790.056000,-0.438946,0.112497,0.200021,1.350339,2.820062,0.000283
3790.064000,-0.439027,0.112473,0.200039,1.350318,2.820107,0.000296
3790.072000,-0.439107,0.112487,0.200017,1.350343,2.820075,0.000366
3790.080000,-0.439193,0.112465,0.200026,1.350285,2.820126,0.000303
3790.088000,-0.439265,0.112480,0.200009,1.350338,2.820021,0.000329
3790.096000,-0.439359,0.112445,0.200027,1.350247,2.820136,0.000318
3790.104000,-0.439431,0.112447,0.199992,1.350227,2.820052,0.000395
3790.112000,-0.439498,0.112457,0.199992,1.350268,2.819967,0.000413
3790.120000,-0.439588,0.112411,0.200002,1.350182,2.820048,0.000402
3790.128000,-0.439665,0.112433,0.199979,1.350396,2.819890,0.000455
3790.136000,-0.439753,0.112401,0.200011,1.350357,2.819986,0.000377
3790.144000,-0.439840,0.112397,0.200047,1.350361,2.820120,0.000300
3790.152000,-0.439916,0.112393,0.200029,1.350351,2.820100,0.000312
3790.160000,-0.440001,0.112380,0.199996,1.350285,2.820051,0.000422
3790.168000,-0.440078,0.112379,0.200035,1.350337,2.820074,0.000343
3790.176000,-0.440165,0.112355,0.200022,1.350358,2.820074,0.000373
3790.184000,-0.440245,0.112354,0.200020,1.350434,2.820017,0.000360
3790.192000,-0.440311,0.112354,0.199997,1.350341,2.819954,0.000427
3790.200000,-0.440385,0.112348,0.199960,1.350329,2.819886,0.000429
3790.208000,-0.440464,0.112332,0.199976,1.350327,2.819885,0.000425
3790.216000,-0.440544,0.112325,0.199970,1.350316,2.819907,0.000471
3790.224000,-0.440615,0.112329,0.199982,1.350373,2.819897,0.000433
3790.232000,-0.440697,0.112297,0.199975,1.350322,2.819878,0.000437
3790.240000,-0.440780,0.112306,0.199984,1.350330,2.819938,0.000450
3790.248000,-0.440856,0.112274,0.199989,1.350257,2.819960,0.000454
3790.256000,-0.440941,0.112284,0.200004,1.350369,2.819978,0.000358
3790.264000,-0.441033,0.112252,0.199990,1.350323,2.820010,0.000346
3790.272000,-0.441107,0.112222,0.199987,1.350271,2.819992,0.000392
3790.328000,-0.441639,0.112180,0.199958,1.350225,2.819902,0.000491
3790.336000,-0.441714,0.112191,0.199948,1.350371,2.819818,0.000495
3790.344000,-0.441794,0.112175,0.199968,1.350343,2.819891,0.000449
3790.352000,-0.441873,0.112169,0.199960,1.350295,2.819877,0.000427
3790.360000,-0.441949,0.112172,0.199999,1.350410,2.819942,0.000300
3790.368000,-0.442030,0.112127,0.199973,1.350229,2.819955,0.000386
3790.376000,-0.442107,0.112136,0.200003,1.350305,2.820030,0.000368
3790.384000,-0.442185,0.112135,0.199980,1.350306,2.819987,0.000370
3790.392000,-0.442248,0.112128,0.199997,1.350243,2.820033,0.000416
3790.400000,-0.442322,0.112152,0.199996,1.350405,2.819937,0.000360
3790.408000,-0.442403,0.112098,0.199996,1.350320,2.819935,0.000365
3790.416000,-0.442482,0.112100,0.199991,1.350302,2.819941,0.000401
3790.424000,-0.442567,0.112081,0.199987,1.350252,2.819965,0.000313
3790.432000,-0.442639,0.112063,0.199969,1.350200,2.819946,0.000400
3790.440000,-0.442718,0.112083,0.200000,1.350309,2.820042,0.000356
3790.448000,-0.442795,0.112031,0.199991,1.350168,2.820054,0.000411
3790.456000,-0.442859,0.112079,0.199999,1.350380,2.819975,0.000389
3790.464000,-0.442940,0.112062,0.200012,1.350484,2.819978,0.000328
3790.472000,-0.443019,0.112037,0.200020,1.350350,2.820047,0.000341
3790.480000,-0.443091,0.112039,0.200003,1.350394,2.819965,0.000293
3790.488000,-0.443174,0.112014,0.200006,1.350331,2.820048,0.000273
3790.496000,-0.443229,0.112036,0.199989,1.350426,2.819947,0.000326
3790.504000,-0.443316,0.111990,0.199993,1.350320,2.820027,0.000324
3790.512000,-0.443380,0.112000,0.199993,1.350351,2.820005,0.000302
3790.520000,-0.443455,0.111986,0.199975,1.350258,2.819988,0.000379
3790.528000,-0.443518,0.111981,0.199970,1.350301,2.819907,0.000416
3790.536000,-0.443601,0.111991,0.200001,1.350396,2.819973,0.000313
3790.544000,-0.443680,0.111963,0.200001,1.350312,2.820018,0.000368
3790.552000,-0.443752,0.111956,0.199970,1.350243,2.819918,0.000410
3790.560000,-0.443822,0.111953,0.199976,1.350266,2.819966,0.000407
3790.568000,-0.443901,0.111909,0.199958,1.350133,2.819951,0.000435
3790.576000,-0.443970,0.111944,0.199991,1.350285,2.820007,0.000383
3790.584000,-0.444051,0.111898,0.200001,1.350185,2.820061,0.000313
3790.592000,-0.444112,0.111901,0.199995,1.350179,2.820051,0.000358
3790.600000,-0.444181,0.111887,0.199993,1.350209,2.819982,0.000328
3790.608000,-0.444257,0.111881,0.199970,1.350212,2.819990,0.000400
3790.616000,-0.444323,0.111875,0.199987,1.350285,2.819971,0.000364
3790.624000,-0.444391,0.111866,0.199983,1.350206,2.819979,0.000400
3790.632000,-0.444459,0.111881,0.199981,1.350238,2.819957,0.000377
3790.640000,-0.444529,0.111869,0.200007,1.350296,2.819953,0.000316
3790.648000,-0.444600,0.111851,0.200008,1.350197,2.820010,0.000387
3790.656000,-0.444670,0.111850,0.199990,1.350196,2.819962,0.000373
3790.664000,-0.444738,0.111826,0.199995,1.350146,2.819989,0.000429
3790.672000,-0.444807,0.111837,0.199980,1.350271,2.819904,0.000441
3790.680000,-0.444889,0.111809,0.200002,1.350234,2.819958,0.000370
3790.688000,-0.444958,0.111806,0.200001,1.350247,2.819985,0.000384
3790.696000,-0.445024,0.111806,0.200020,1.350229,2.820035,0.000330
3790.704000,-0.445088,0.111790,0.199993,1.350217,2.819968,0.000375
3790.712000,-0.445149,0.111810,0.199994,1.350246,2.819900,0.000385
3790.720000,-0.445233,0.111776,0.199981,1.350143,2.819988,0.000416
3790.728000,-0.445309,0.111781,0.199991,1.350176,2.820014,0.000362
3790.736000,-0.445377,0.111758,0.200014,1.350161,2.820068,0.000284
3790.744000,-0.445454,0.111765,0.200020,1.350316,2.820046,0.000265
3790.752000,-0.445517,0.111763,0.200025,1.350334,2.820042,0.000320
3790.760000,-0.445584,0.111734,0.199990,1.350231,2.819959,0.000363
3790.768000,-0.445659,0.111732,0.200031,1.350267,2.820077,0.000329
3790.776000,-0.445722,0.111736,0.200035,1.350346,2.820027,0.000291
3790.784000,-0.445797,0.111720,0.200064,1.350366,2.820112,0.000223
3790.792000,-0.445863,0.111708,0.200069,1.350357,2.820139,0.000287
3790.800000,-0.445931,0.111693,0.200045,1.350244,2.820120,0.000330
3790.808000,-0.445990,0.111711,0.200028,1.350291,2.820043,0.000299
3790.816000,-0.446069,0.111695,0.200017,1.350267,2.820081,0.000380
3790.824000,-0.446138,0.111677,0.200008,1.350200,2.820071,0.000341
3790.832000,-0.446201,0.111655,0.200007,1.350112,2.820065,0.000370
3790.840000,-0.446260,0.111657,0.199985,1.350091,2.820020,0.000423
3790.848000,-0.446328,0.111670,0.199968,1.350137,2.819984,0.000468
3790.856000,-0.446395,0.111648,0.199991,1.350105,2.820010,0.000457
3790.864000,-0.446453,0.111671,0.199981,1.350213,2.819975,0.000461
3790.872000,-0.446527,0.111649,0.199979,1.350194,2.819978,0.000440
3790.880000,-0.446603,0.111627,0.199998,1.350246,2.820042,0.000356
3790.888000,-0.446658,0.111671,0.199997,1.350451,2.819948,0.000368
3790.896000,-0.446738,0.111621,0.200011,1.350204,2.820130,0.000382
3790.904000,-0.446800,0.111636,0.200001,1.350250,2.820053,0.000393
3790.912000,-0.446867,0.111615,0.200013,1.350206,2.820134,0.000349
3790.920000,-0.446921,0.111615,0.199998,1.350160,2.820083,0.000393
3790.928000,-0.446988,0.111621,0.199993,1.350187,2.820093,0.000372
3790.936000,-0.447063,0.111574,0.199995,1.350081,2.820136,0.000395
3790.944000,-0.447122,0.111609,0.200002,1.350268,2.820092,0.000400
3790.952000,-0.447186,0.111606,0.200008,1.350310,2.820091,0.000321
3790.960000,-0.447250,0.111585,0.199987,1.350297,2.820023,0.000367
3790.968000,-0.447324,0.111587,0.200018,1.350305,2.820126,0.000331
3790.976000,-0.447393,0.111549,0.200024,1.350239,2.820163,0.000303
3790.984000,-0.447450,0.111565,0.200015,1.350224,2.820133,0.000322
3790.992000,-0.447515,0.111567,0.200002,1.350226,2.820094,0.000384
3791.000000,-0.447574,0.111555,0.200001,1.350266,2.820050,0.000356
3791.008000,-0.447628,0.111568,0.199988,1.350287,2.819963,0.000341
3791.016000,-0.447690,0.111561,0.199995,1.350409,2.819920,0.000389
3791.024000,-0.447750,0.111559,0.199996,1.350373,2.819889,0.000375
3791.032000,-0.447809,0.111544,0.199956,1.350221,2.819876,0.000553
3791.040000,-0.447864,0.111548,0.199956,1.350275,2.819773,0.000455
3791.048000,-0.447936,0.111534,0.199966,1.350197,2.819868,0.000452
3791.056000,-0.448009,0.111510,0.199970,1.350131,2.819946,0.000458
3791.064000,-0.448059,0.111525,0.199978,1.350166,2.819935,0.000429
3791.072000,-0.448132,0.111486,0.199981,1.350128,2.819946,0.000409
3791.080000,-0.448196,0.111505,0.199987,1.350223,2.819970,0.000399
3791.088000,-0.448274,0.111473,0.200008,1.350217,2.820044,0.000347
3791.096000,-0.448325,0.111478,0.199997,1.350218,2.820002,0.000350
3791.104000,-0.448382,0.111498,0.200016,1.350255,2.820036,0.000288
3791.112000,-0.448455,0.111473,0.200015,1.350182,2.820101,0.000285
3791.120000,-0.448508,0.111477,0.200004,1.350279,2.819999,0.000297
3791.120000,-0.448508,0.111477,0.200004,1.350279,2.819999,0.000297
3791.120000,-0.448508,0.111477,0.200004,1.350279,2.819999,0.000297
3791.144000,-0.448701,0.111458,0.200005,1.350247,2.820064,0.000271
3791.152000,-0.448750,0.111453,0.199984,1.350118,2.820054,0.000315
3791.160000,-0.448811,0.111465,0.199985,1.350232,2.819992,0.000336
3791.168000,-0.448876,0.111433,0.199977,1.350295,2.819949,0.000342
3791.176000,-0.448939,0.111433,0.200001,1.350289,2.820023,0.000289
3791.184000,-0.448991,0.111434,0.199996,1.350198,2.820011,0.000342
3791.192000,-0.449057,0.111405,0.199961,1.350149,2.819950,0.000354
3791.200000,-0.449112,0.111426,0.199948,1.350224,2.819848,0.000373
3791.208000,-0.449174,0.111410,0.199982,1.350205,2.819940,0.000313
3791.216000,-0.449222,0.111428,0.199969,1.350234,2.819871,0.000366
3791.224000,-0.449288,0.111408,0.199945,1.350163,2.819855,0.000437
3791.232000,-0.449352,0.111398,0.199956,1.350088,2.819914,0.000417
3791.240000,-0.449406,0.111413,0.199987,1.350214,2.819919,0.000347
3791.248000,-0.449476,0.111385,0.199993,1.350142,2.819988,0.000404
3791.256000,-0.449536,0.111419,0.199993,1.350382,2.819925,0.000384
3791.264000,-0.449589,0.111389,0.200001,1.350261,2.819977,0.000323
3791.272000,-0.449648,0.111376,0.199972,1.350222,2.819940,0.000419
3791.280000,-0.449707,0.111375,0.199980,1.350222,2.819982,0.000365
3791.288000,-0.449764,0.111364,0.199977,1.350171,2.819963,0.000369
3791.296000,-0.449827,0.111382,0.199987,1.350245,2.819987,0.000365
3791.304000,-0.449882,0.111360,0.199963,1.350181,2.819938,0.000395
3791.312000,-0.449939,0.111358,0.199946,1.350158,2.819894,0.000490
3791.320000,-0.450008,0.111354,0.199993,1.350270,2.819996,0.000297
3791.328000,-0.450075,0.111326,0.199995,1.350205,2.820037,0.000370
3791.336000,-0.450127,0.111342,0.199988,1.350228,2.820001,0.000382
3791.344000,-0.450187,0.111337,0.199982,1.350233,2.820009,0.000371
3791.352000,-0.450242,0.111332,0.199985,1.350261,2.819983,0.000375
3791.360000,-0.450295,0.111323,0.199990,1.350265,2.819992,0.000406
3791.368000,-0.450366,0.111306,0.200000,1.350197,2.820066,0.000352
3791.376000,-0.450418,0.111302,0.199966,1.350166,2.820002,0.000423
3791.384000,-0.450470,0.111275,0.199986,1.350092,2.820024,0.000429
3791.392000,-0.450528,0.111295,0.199990,1.350191,2.820012,0.000358
3791.400000,-0.450577,0.111287,0.199963,1.350128,2.819969,0.000445
3791.408000,-0.450632,0.111302,0.199982,1.350224,2.819952,0.000400
3791.416000,-0.450712,0.111289,0.199987,1.350297,2.820017,0.000390
3791.424000,-0.450758,0.111273,0.199994,1.350226,2.820003,0.000420
3791.432000,-0.450814,0.111276,0.199997,1.350238,2.820027,0.000333
3791.440000,-0.450877,0.111255,0.199996,1.350201,2.820037,0.000355
3791.448000,-0.450937,0.111246,0.199977,1.350139,2.820036,0.000392
3791.456000,-0.450986,0.111255,0.199979,1.350196,2.819984,0.000363
3791.464000,-0.451046,0.111249,0.199971,1.350189,2.819968,0.000351
3791.472000,-0.451102,0.111256,0.199978,1.350241,2.819991,0.000356
3791.480000,-0.451167,0.111230,0.200000,1.350163,2.820087,0.000312
3791.488000,-0.451220,0.111237,0.199996,1.350246,2.820045,0.000351
3791.496000,-0.451273,0.111226,0.200002,1.350199,2.820079,0.000339
3791.504000,-0.451333,0.111210,0.199999,1.350200,2.820041,0.000361
3791.512000,-0.451378,0.111227,0.200006,1.350229,2.820015,0.000364
3791.520000,-0.451434,0.111205,0.199992,1.350163,2.820009,0.000386
3791.528000,-0.451473,0.111224,0.199991,1.350220,2.819957,0.000440
3791.536000,-0.451540,0.111188,0.199976,1.350146,2.819932,0.000395
3791.544000,-0.451602,0.111187,0.200024,1.350213,2.820073,0.000378
3791.552000,-0.451649,0.111220,0.199987,1.350281,2.819955,0.000431
3791.560000,-0.451703,0.111189,0.199987,1.350181,2.820008,0.000445
3791.568000,-0.451752,0.111205,0.200007,1.350317,2.819989,0.000409
3791.576000,-0.451816,0.111199,0.200009,1.350317,2.820031,0.000356
3791.584000,-0.451865,0.111182,0.199988,1.350226,2.819972,0.000401
3791.592000,-0.451921,0.111196,0.199984,1.350322,2.819954,0.000440
3791.600000,-0.451979,0.111177,0.200023,1.350273,2.820072,0.000414
3791.608000,-0.452032,0.111183,0.200013,1.350280,2.820039,0.000325
3791.616000,-0.452083,0.111167,0.200013,1.350244,2.820055,0.000448
3791.624000,-0.452136,0.111183,0.200013,1.350297,2.820034,0.000419
3791.632000,-0.452198,0.111166,0.200014,1.350236,2.820080,0.000382
3791.640000,-0.452250,0.111149,0.200022,1.350171,2.820118,0.000354
3791.672000,-0.452457,0.111162,0.200011,1.350319,2.820037,0.000365
3791.680000,-0.452495,0.111138,0.199999,1.350265,2.819931,0.000411
3791.688000,-0.452539,0.111168,0.199966,1.350357,2.819819,0.000515
3791.696000,-0.452604,0.111150,0.199992,1.350327,2.819929,0.000404
3791.704000,-0.452659,0.111154,0.200021,1.350368,2.820016,0.000411
3791.712000,-0.452718,0.111126,0.200027,1.350266,2.820064,0.000366
3791.720000,-0.452758,0.111140,0.199997,1.350314,2.819949,0.000487
3791.728000,-0.452807,0.111163,0.200023,1.350403,2.820002,0.000334
3791.736000,-0.452871,0.111117,0.200026,1.350257,2.820089,0.000382
3791.744000,-0.452918,0.111138,0.199997,1.350350,2.819978,0.000403
3791.752000,-0.452967,0.111112,0.199995,1.350214,2.820001,0.000449
3791.760000,-0.453022,0.111123,0.200005,1.350348,2.820019,0.000389
3791.768000,-0.453077,0.111117,0.200034,1.350284,2.820102,0.000328
3791.776000,-0.453138,0.111089,0.200057,1.350266,2.820153,0.000276
3791.784000,-0.453182,0.111096,0.199993,1.350236,2.820003,0.000403
3791.792000,-0.453219,0.111097,0.199980,1.350305,2.819892,0.000474
3791.800000,-0.453283,0.111081,0.199960,1.350233,2.819914,0.000479
3791.808000,-0.453334,0.111086,0.199992,1.350256,2.820004,0.000385
3791.816000,-0.453388,0.111059,0.199989,1.350207,2.819990,0.000407
3791.824000,-0.453442,0.111072,0.199985,1.350305,2.819978,0.000422
3791.832000,-0.453492,0.111061,0.199991,1.350295,2.819958,0.000435
3791.840000,-0.453550,0.111069,0.200009,1.350275,2.820045,0.000314
3791.848000,-0.453601,0.111045,0.200010,1.350225,2.820073,0.000371
3791.856000,-0.453647,0.111050,0.199989,1.350132,2.820052,0.000390
3791.864000,-0.453688,0.111062,0.200009,1.350249,2.820037,0.000380
3791.872000,-0.453749,0.111040,0.199999,1.350165,2.820077,0.000377
3791.880000,-0.453812,0.111041,0.200009,1.350243,2.820110,0.000325
3791.888000,-0.453845,0.111028,0.200008,1.350183,2.820030,0.000353
3791.896000,-0.453897,0.111037,0.200005,1.350294,2.820000,0.000292
3791.904000,-0.453939,0.111041,0.199995,1.350348,2.819902,0.000422
3791.912000,-0.453999,0.111002,0.199984,1.350182,2.819987,0.000394
3791.920000,-0.454031,0.111041,0.199975,1.350307,2.819860,0.000456
3791.928000,-0.454082,0.111002,0.199963,1.350234,2.819840,0.000470
3791.936000,-0.454126,0.111011,0.199949,1.350198,2.819850,0.000533
3791.944000,-0.454181,0.111014,0.199971,1.350248,2.819868,0.000438
3791.952000,-0.454235,0.110986,0.199971,1.350209,2.819916,0.000395
3791.960000,-0.454275,0.111000,0.199979,1.350217,2.819893,0.000466
3791.968000,-0.454339,0.110974,0.200003,1.350144,2.820041,0.000407
3791.976000,-0.454380,0.110975,0.199984,1.350116,2.819982,0.000369
3791.984000,-0.454429,0.110989,0.199976,1.350178,2.819939,0.000415
3791.992000,-0.454477,0.110983,0.199990,1.350280,2.819937,0.000381
3792.000000,-0.454516,0.110993,0.199978,1.350192,2.819925,0.000392
3792.008000,-0.454577,0.110961,0.199996,1.350152,2.820015,0.000341
3792.016000,-0.454632,0.110968,0.199992,1.350248,2.819999,0.000338
3792.024000,-0.454671,0.110969,0.200007,1.350287,2.819996,0.000345
3792.032000,-0.454735,0.110937,0.199996,1.350315,2.820012,0.000344
3792.040000,-0.454772,0.110963,0.199985,1.350317,2.819927,0.000354
3792.048000,-0.454823,0.110952,0.200012,1.350332,2.820003,0.000294
3792.056000,-0.454875,0.110953,0.199999,1.350335,2.820007,0.000308
3792.064000,-0.454914,0.110942,0.199989,1.350225,2.819998,0.000346
3792.072000,-0.454958,0.110937,0.199975,1.350234,2.819933,0.000384
3792.080000,-0.455004,0.110938,0.199993,1.350250,2.819967,0.000373
3792.088000,-0.455061,0.110916,0.199986,1.350148,2.820014,0.000370
3792.096000,-0.455089,0.110940,0.199989,1.350212,2.819935,0.000441
3792.104000,-0.455142,0.110915,0.199946,1.350111,2.819898,0.000537
3792.112000,-0.455183,0.110941,0.199962,1.350215,2.819896,0.000459
3792.120000,-0.455236,0.110909,0.199986,1.350150,2.819980,0.000441
3792.128000,-0.455290,0.110925,0.199989,1.350225,2.819961,0.000404
3792.136000,-0.455343,0.110910,0.199978,1.350169,2.820018,0.000402
3792.144000,-0.455388,0.110888,0.199999,1.350089,2.820067,0.000391
3792.152000,-0.455433,0.110901,0.200001,1.350157,2.820081,0.000398
3792.160000,-0.455487,0.110884,0.200010,1.350094,2.820164,0.000337
3792.168000,-0.455523,0.110899,0.199987,1.350100,2.820048,0.000389
3792.176000,-0.455575,0.110889,0.199986,1.350148,2.820060,0.000363
3792.184000,-0.455622,0.110869,0.199978,1.350074,2.820082,0.000410
3792.192000,-0.455661,0.110884,0.199970,1.350178,2.819954,0.000439
3792.200000,-0.455718,0.110863,0.199984,1.350114,2.820078,0.000372
3792.208000,-0.455755,0.110887,0.199983,1.350277,2.819988,0.000419
3792.216000,-0.455797,0.110891,0.199979,1.350319,2.819990,0.000484
3792.224000,-0.455840,0.110869,0.199982,1.350270,2.820015,0.000356
3792.232000,-0.455879,0.110887,0.199987,1.350304,2.819961,0.000419
3792.240000,-0.455943,0.110844,0.199987,1.350176,2.820081,0.000376
3792.248000,-0.455983,0.110877,0.200010,1.350350,2.820093,0.000308
3792.256000,-0.456022,0.110851,0.199990,1.350148,2.820026,0.000435
3792.264000,-0.456078,0.110861,0.200006,1.350233,2.820112,0.000325
3792.272000,-0.456123,0.110859,0.200034,1.350240,2.820173,0.000341
3792.280000,-0.456165,0.110853,0.200024,1.350146,2.820193,0.000353
3792.288000,-0.456215,0.110864,0.200007,1.350241,2.820171,0.000334
3792.296000,-0.456250,0.110855,0.199988,1.350194,2.820078,0.000430
3792.304000,-0.456286,0.110868,0.199979,1.350240,2.820002,0.000400
3792.312000,-0.456338,0.110854,0.200006,1.350193,2.820120,0.000374
3792.320000,-0.456381,0.110855,0.200004,1.350223,2.820098,0.000397
3792.328000,-0.456420,0.110853,0.199995,1.350193,2.820077,0.000376
3792.336000,-0.456467,0.110825,0.200008,1.350144,2.820106,0.000349
3792.344000,-0.456510,0.110837,0.200009,1.350172,2.820121,0.000347
3792.352000,-0.456553,0.110814,0.200010,1.350176,2.820088,0.000345
3792.360000,-0.456595,0.110825,0.200035,1.350252,2.820076,0.000325
3792.368000,-0.456633,0.110826,0.200004,1.350248,2.820024,0.000379
3792.376000,-0.456668,0.110823,0.200009,1.350225,2.820021,0.000428
3792.384000,-0.456710,0.110828,0.199975,1.350234,2.819950,0.000448
3792.392000,-0.456760,0.110785,0.199969,1.350093,2.819963,0.000504
3792.400000,-0.456799,0.110818,0.199969,1.350148,2.819948,0.000491
3792.408000,-0.456831,0.110805,0.199975,1.350136,2.819882,0.000496
3792.416000,-0.456864,0.110809,0.199931,1.350103,2.819729,0.000565
3792.424000,-0.456916,0.110798,0.199937,1.350041,2.819859,0.000598
3792.432000,-0.456968,0.110778,0.199968,1.350029,2.819918,0.000496
3792.440000,-0.457011,0.110791,0.199981,1.350121,2.819939,0.000469
3792.448000,-0.457048,0.110782,0.200007,1.350122,2.819986,0.000476
3792.456000,-0.457097,0.110768,0.199981,1.350046,2.819956,0.000456
3792.464000,-0.457140,0.110776,0.200001,1.350139,2.820019,0.000421
3792.472000,-0.457190,0.110764,0.199993,1.350153,2.820005,0.000402
3792.480000,-0.457228,0.110789,0.200013,1.350206,2.820032,0.000425
3792.488000,-0.457267,0.110764,0.200002,1.350197,2.819971,0.000405
3792.496000,-0.457313,0.110779,0.199979,1.350218,2.819924,0.000384
3792.504000,-0.457361,0.110768,0.200009,1.350242,2.820056,0.000284
3792.512000,-0.457399,0.110757,0.200012,1.350132,2.820048,0.000322
3792.520000,-0.457443,0.110776,0.200007,1.350288,2.819984,0.000353
3792.528000,-0.457488,0.110744,0.200003,1.350198,2.820056,0.000352
3792.536000,-0.457525,0.110744,0.199987,1.350157,2.820016,0.000390
3792.544000,-0.457561,0.110740,0.200007,1.350183,2.820069,0.000364
3792.552000,-0.457613,0.110738,0.200002,1.350188,2.820077,0.000311
3792.560000,-0.457645,0.110758,0.200007,1.350218,2.820015,0.000298
3792.568000,-0.457694,0.110729,0.200016,1.350225,2.820112,0.000290
3792.576000,-0.457729,0.110757,0.199998,1.350302,2.820056,0.000320
3792.584000,-0.457769,0.110750,0.200003,1.350339,2.820003,0.000300
3792.592000,-0.457816,0.110747,0.199988,1.350326,2.820019,0.000332
3792.600000,-0.457855,0.110747,0.200012,1.350358,2.819999,0.000227
3792.608000,-0.457902,0.110735,0.200007,1.350226,2.820072,0.000300
3792.616000,-0.457936,0.110759,0.200024,1.350410,2.820067,0.000283
3792.624000,-0.457971,0.110753,0.200007,1.350287,2.819987,0.000352
3792.632000,-0.458020,0.110754,0.200015,1.350340,2.820052,0.000309
3792.640000,-0.458063,0.110733,0.200034,1.350305,2.820109,0.000299
3792.648000,-0.458096,0.110740,0.200012,1.350295,2.820047,0.000362
3792.656000,-0.458137,0.110730,0.200009,1.350313,2.820039,0.000277
3792.664000,-0.458181,0.110711,0.200033,1.350248,2.820122,0.000300
3792.672000,-0.458210,0.110723,0.199985,1.350254,2.819963,0.000403
3792.680000,-0.458258,0.110697,0.200012,1.350165,2.820078,0.000268
3792.688000,-0.458293,0.110721,0.199999,1.350218,2.820016,0.000331
3792.696000,-0.458335,0.110701,0.200005,1.350163,2.820076,0.000346
3792.704000,-0.458369,0.110688,0.199978,1.350133,2.819971,0.000384
3792.712000,-0.458388,0.110728,0.199979,1.350199,2.819896,0.000430
3792.720000,-0.458442,0.110680,0.199985,1.350083,2.819999,0.000438
3792.728000,-0.458485,0.110704,0.200026,1.350266,2.820036,0.000370
3792.736000,-0.458526,0.110715,0.200019,1.350410,2.819990,0.000352
3792.744000,-0.458567,0.110712,0.200029,1.350401,2.820013,0.000275
3792.752000,-0.458602,0.110719,0.200035,1.350431,2.819991,0.000296
3792.760000,-0.458647,0.110702,0.199996,1.350407,2.819979,0.000310
3792.768000,-0.458685,0.110701,0.200042,1.350395,2.820044,0.000226
3792.776000,-0.458731,0.110679,0.200021,1.350385,2.820024,0.000240
3792.784000,-0.458767,0.110693,0.200046,1.350405,2.820151,0.000206
3792.792000,-0.458797,0.110686,0.200030,1.350362,2.820021,0.000285
3792.800000,-0.458847,0.110682,0.200056,1.350387,2.820158,0.000201
3792.808000,-0.458888,0.110676,0.200064,1.350400,2.820182,0.000157
3792.816000,-0.458924,0.110679,0.200042,1.350350,2.820126,0.000270
3792.824000,-0.458965,0.110657,0.200048,1.350289,2.820214,0.000228
3792.832000,-0.458993,0.110656,0.200025,1.350268,2.820086,0.000298
3792.840000,-0.459036,0.110654,0.200036,1.350259,2.820155,0.000313
3792.848000,-0.459075,0.110650,0.200046,1.350303,2.820158,0.000212
3792.856000,-0.459112,0.110646,0.200046,1.350275,2.820147,0.000267
3792.864000,-0.459150,0.110662,0.200057,1.350326,2.820164,0.000214
3792.872000,-0.459193,0.110630,0.200024,1.350256,2.820107,0.000295
3792.880000,-0.459217,0.110646,0.200007,1.350225,2.820044,0.000323
3792.888000,-0.459251,0.110654,0.200024,1.350231,2.820100,0.000322
3792.896000,-0.459280,0.110632,0.200024,1.350274,2.820019,0.000362
3792.904000,-0.459326,0.110657,0.200022,1.350259,2.820114,0.000359
3792.912000,-0.459358,0.110633,0.200007,1.350154,2.820069,0.000381
3792.920000,-0.459400,0.110652,0.200042,1.350216,2.820157,0.000338
3792.928000,-0.459437,0.110627,0.200008,1.350203,2.820086,0.000327
3792.936000,-0.459473,0.110616,0.200020,1.350130,2.820108,0.000332
3792.944000,-0.459507,0.110644,0.200006,1.350201,2.820080,0.000346
3792.952000,-0.459556,0.110615,0.200022,1.350163,2.820133,0.000278
3792.960000,-0.459592,0.110636,0.200018,1.350223,2.820127,0.000342
3792.968000,-0.459628,0.110596,0.200019,1.350143,2.820135,0.000341
3792.976000,-0.459664,0.110595,0.200017,1.350109,2.820151,0.000296
3792.984000,-0.459701,0.110616,0.200044,1.350186,2.820180,0.000227
3792.992000,-0.459738,0.110597,0.200018,1.350174,2.820154,0.000310
3793.000000,-0.459765,0.110618,0.200014,1.350258,2.820072,0.000314
3793.008000,-0.459800,0.110607,0.200012,1.350337,2.820022,0.000321
3793.016000,-0.459844,0.110615,0.200031,1.350391,2.820091,0.000295
3793.024000,-0.459876,0.110603,0.200054,1.350426,2.820079,0.000269
3793.032000,-0.459917,0.110587,0.200045,1.350296,2.820153,0.000258
3793.040000,-0.459951,0.110606,0.200026,1.350377,2.820107,0.000322
3793.048000,-0.459986,0.110592,0.200051,1.350362,2.820120,0.000253
3793.056000,-0.460021,0.110606,0.200040,1.350360,2.820156,0.000268
3793.064000,-0.460050,0.110609,0.200036,1.350391,2.820094,0.000256
3793.072000,-0.460081,0.110593,0.200025,1.350302,2.820040,0.000319
3793.080000,-0.460116,0.110605,0.200022,1.350384,2.820077,0.000285
3793.088000,-0.460153,0.110578,0.200000,1.350288,2.820009,0.000382
3793.096000,-0.460195,0.110588,0.200023,1.350337,2.820069,0.000279
3793.104000,-0.460224,0.110569,0.199986,1.350218,2.819994,0.000325
3793.112000,-0.460263,0.110578,0.199985,1.350220,2.819999,0.000380
3793.120000,-0.460300,0.110571,0.200011,1.350211,2.820068,0.000313
3793.120000,-0.460300,0.110571,0.200011,1.350211,2.820068,0.000313
3793.120000,-0.460300,0.110571,0.200011,1.350211,2.820068,0.000313
3793.144000,-0.460408,0.110549,0.200009,1.350165,2.820105,0.000399
3793.152000,-0.460438,0.110570,0.200035,1.350225,2.820142,0.000330
3793.160000,-0.460474,0.110555,0.200002,1.350131,2.820120,0.000394
3793.168000,-0.460506,0.110551,0.199986,1.350171,2.820030,0.000357
3793.176000,-0.460552,0.110551,0.199999,1.350165,2.820103,0.000305
3793.184000,-0.460584,0.110522,0.200018,1.350153,2.820121,0.000255
3793.192000,-0.460603,0.110573,0.200008,1.350221,2.820046,0.000300
3793.200000,-0.460643,0.110549,0.199981,1.350102,2.820102,0.000382
3793.208000,-0.460683,0.110535,0.199983,1.350124,2.820061,0.000337
3793.216000,-0.460721,0.110533,0.199991,1.350122,2.820102,0.000370
3793.224000,-0.460758,0.110516,0.200004,1.350117,2.820176,0.000319
3793.232000,-0.460787,0.110548,0.200002,1.350190,2.820070,0.000322
3793.240000,-0.460818,0.110523,0.199989,1.350124,2.820106,0.000380
3793.248000,-0.460856,0.110517,0.199991,1.350142,2.820098,0.000252
3793.256000,-0.460878,0.110534,0.200004,1.350180,2.820054,0.000392
3793.264000,-0.460907,0.110532,0.200001,1.350181,2.820096,0.000299
3793.272000,-0.460948,0.110524,0.199987,1.350228,2.820065,0.000364
3793.280000,-0.460979,0.110506,0.200004,1.350126,2.820073,0.000369
3793.288000,-0.461013,0.110520,0.199992,1.350169,2.820070,0.000291
3793.296000,-0.461045,0.110511,0.200009,1.350238,2.820048,0.000324
3793.304000,-0.461079,0.110515,0.199988,1.350247,2.820019,0.000296
3793.312000,-0.461116,0.110533,0.200002,1.350350,2.820100,0.000246
3793.320000,-0.461161,0.110498,0.200007,1.350234,2.820124,0.000328
3793.328000,-0.461188,0.110529,0.200008,1.350308,2.820101,0.000274
3793.336000,-0.461229,0.110522,0.200026,1.350385,2.820172,0.000157
3793.344000,-0.461248,0.110525,0.200015,1.350349,2.820062,0.000304
3793.352000,-0.461283,0.110534,0.200029,1.350422,2.820123,0.000195
3793.360000,-0.461316,0.110501,0.200028,1.350248,2.820194,0.000201
3793.368000,-0.461340,0.110534,0.200003,1.350330,2.820022,0.000287
3793.376000,-0.461378,0.110513,0.200009,1.350305,2.820099,0.000262
3793.384000,-0.461413,0.110519,0.200009,1.350327,2.820100,0.000251
3793.392000,-0.461442,0.110512,0.199999,1.350289,2.820069,0.000366
3793.400000,-0.461487,0.110496,0.199993,1.350262,2.820136,0.000223
3793.408000,-0.461509,0.110536,0.199992,1.350406,2.820048,0.000252
3793.416000,-0.461545,0.110505,0.200017,1.350307,2.820106,0.000285
3793.424000,-0.461581,0.110503,0.200024,1.350313,2.820201,0.000175
3793.432000,-0.461604,0.110515,0.200005,1.350279,2.820090,0.000279
3793.440000,-0.461651,0.110496,0.200046,1.350304,2.820227,0.000113
3793.448000,-0.461662,0.110540,0.199995,1.350349,2.820103,0.000283
3793.456000,-0.461695,0.110498,0.200017,1.350246,2.820110,0.000249
3793.464000,-0.461723,0.110526,0.199995,1.350337,2.820078,0.000238
3793.472000,-0.461759,0.110501,0.199979,1.350227,2.820112,0.000311
3793.480000,-0.461778,0.110500,0.199980,1.350219,2.820013,0.000357
3793.488000,-0.461821,0.110499,0.200013,1.350262,2.820142,0.000232
3793.496000,-0.461856,0.110491,0.200004,1.350213,2.820170,0.000289
3793.504000,-0.461867,0.110518,0.199989,1.350297,2.820004,0.000351
3793.512000,-0.461905,0.110502,0.199982,1.350287,2.820026,0.000359
3793.520000,-0.461935,0.110516,0.199996,1.350302,2.820014,0.000296
3793.528000,-0.461972,0.110482,0.199987,1.350235,2.820004,0.000303
3793.536000,-0.461999,0.110502,0.199992,1.350272,2.820038,0.000327
3793.544000,-0.462034,0.110495,0.200010,1.350276,2.820048,0.000275
3793.552000,-0.462061,0.110494,0.199984,1.350348,2.819982,0.000399
3793.560000,-0.462094,0.110496,0.200006,1.350393,2.820032,0.000264
3793.568000,-0.462110,0.110485,0.199972,1.350339,2.819879,0.000385
3793.576000,-0.462157,0.110480,0.200004,1.350340,2.820051,0.000285
3793.584000,-0.462189,0.110489,0.200017,1.350393,2.820078,0.000309
3793.592000,-0.462215,0.110464,0.200011,1.350285,2.820028,0.000314
3793.600000,-0.462244,0.110480,0.199994,1.350328,2.820026,0.000278
3793.608000,-0.462283,0.110470,0.199990,1.350374,2.820033,0.000277
3793.616000,-0.462316,0.110449,0.200007,1.350286,2.820069,0.000300
3793.624000,-0.462346,0.110460,0.200006,1.350334,2.820081,0.000274
3793.632000,-0.462382,0.110436,0.199998,1.350206,2.820118,0.000246
3793.640000,-0.462402,0.110469,0.200019,1.350346,2.820068,0.000336
3793.648000,-0.462438,0.110441,0.200016,1.350230,2.820171,0.000302
3793.656000,-0.462464,0.110455,0.200018,1.350285,2.820114,0.000258
3793.664000,-0.462478,0.110469,0.199980,1.350275,2.819967,0.000420
3793.672000,-0.462513,0.110467,0.199977,1.350318,2.820007,0.000336
3793.680000,-0.462527,0.110466,0.199964,1.350219,2.819893,0.000422
3793.688000,-0.462566,0.110454,0.199979,1.350167,2.820000,0.000447
3793.696000,-0.462603,0.110451,0.199962,1.350177,2.819977,0.000394
3793.704000,-0.462623,0.110474,0.199986,1.350260,2.819979,0.000384
3793.712000,-0.462659,0.110431,0.199980,1.350156,2.820022,0.000409
3793.720000,-0.462683,0.110457,0.199979,1.350244,2.819944,0.000389
3793.728000,-0.462707,0.110456,0.200000,1.350234,2.820014,0.000447
3793.736000,-0.462743,0.110445,0.199990,1.350202,2.820030,0.000319
3793.744000,-0.462771,0.110452,0.199995,1.350257,2.819973,0.000358
3793.752000,-0.462802,0.110436,0.199988,1.350196,2.820019,0.000366
3793.760000,-0.462839,0.110453,0.199991,1.350261,2.820023,0.000339
3793.768000,-0.462876,0.110408,0.200002,1.350084,2.820090,0.000328
3793.776000,-0.462892,0.110441,0.199989,1.350232,2.820007,0.000334
3793.784000,-0.462933,0.110424,0.199987,1.350145,2.820089,0.000408
3793.792000,-0.462954,0.110422,0.200013,1.350196,2.820065,0.000365
3793.800000,-0.462981,0.110431,0.200008,1.350192,2.820054,0.000329
3793.808000,-0.463007,0.110405,0.199997,1.350176,2.820025,0.000395
3793.816000,-0.463033,0.110422,0.200009,1.350274,2.820014,0.000368
3793.824000,-0.463064,0.110403,0.199987,1.350234,2.820014,0.000442
3793.832000,-0.463088,0.110400,0.199983,1.350191,2.819969,0.000422
3793.840000,-0.463108,0.110422,0.199969,1.350259,2.819894,0.000427
3793.848000,-0.463148,0.110389,0.199939,1.350150,2.819927,0.000459
3793.856000,-0.463171,0.110430,0.199976,1.350284,2.819946,0.000441
3793.864000,-0.463198,0.110395,0.199980,1.350160,2.819994,0.000407
3793.872000,-0.463245,0.110386,0.200002,1.350205,2.820126,0.000341
3793.880000,-0.463269,0.110400,0.199989,1.350245,2.819994,0.000352
3793.888000,-0.463294,0.110387,0.199989,1.350224,2.820039,0.000411
3793.896000,-0.463327,0.110401,0.200002,1.350256,2.820102,0.000292
3793.904000,-0.463351,0.110381,0.200019,1.350227,2.820090,0.000350
3793.912000,-0.463371,0.110397,0.200014,1.350242,2.820077,0.000330
3793.920000,-0.463410,0.110392,0.199997,1.350198,2.820115,0.000337
3793.928000,-0.463438,0.110387,0.199993,1.350203,2.820041,0.000383
3793.936000,-0.463465,0.110409,0.199994,1.350334,2.820049,0.000333
3793.944000,-0.463496,0.110390,0.199981,1.350207,2.820091,0.000406
3793.952000,-0.463512,0.110405,0.199997,1.350219,2.820073,0.000370
3793.960000,-0.463542,0.110397,0.199987,1.350164,2.820088,0.000334
3793.968000,-0.463580,0.110402,0.199997,1.350257,2.820149,0.000344
3793.976000,-0.463601,0.110398,0.199997,1.350209,2.820052,0.000339
3793.984000,-0.463631,0.110382,0.200004,1.350256,2.820107,0.000306
3793.992000,-0.463658,0.110388,0.200010,1.350240,2.820116,0.000303
3794.000000,-0.463685,0.110386,0.200016,1.350259,2.820117,0.000377
3794.008000,-0.463706,0.110385,0.200022,1.350221,2.820165,0.000334
3794.016000,-0.463720,0.110416,0.200003,1.350276,2.820061,0.000322
3794.024000,-0.463751,0.110394,0.199988,1.350234,2.820020,0.000362
3794.032000,-0.463777,0.110400,0.199979,1.350210,2.820013,0.000393
3794.040000,-0.463807,0.110399,0.199998,1.350270,2.820055,0.000425
3794.048000,-0.463826,0.110395,0.200001,1.350213,2.820022,0.000382
3794.056000,-0.463862,0.110402,0.199995,1.350257,2.820067,0.000355
3794.064000,-0.463880,0.110387,0.200013,1.350155,2.820032,0.000326
3794.072000,-0.463915,0.110390,0.200005,1.350225,2.820088,0.000327
3794.080000,-0.463946,0.110374,0.200022,1.350244,2.820132,0.000310
3794.088000,-0.463973,0.110381,0.200017,1.350278,2.820073,0.000358
3794.096000,-0.463994,0.110389,0.199999,1.350272,2.820058,0.000305
3794.104000,-0.464031,0.110372,0.200022,1.350243,2.820172,0.000338
3794.112000,-0.464054,0.110381,0.199996,1.350302,2.820036,0.000369
3794.120000,-0.464082,0.110358,0.200014,1.350256,2.820112,0.000310
3794.120000,-0.464082,0.110358,0.200014,1.350256,2.820112,0.000310
3794.136000,-0.464119,0.110370,0.199974,1.350228,2.820011,0.000404
3794.144000,-0.464137,0.110375,0.199941,1.350305,2.819871,0.000452
3794.152000,-0.464165,0.110367,0.199952,1.350267,2.819882,0.000516
3794.160000,-0.464202,0.110355,0.200006,1.350379,2.820026,0.000361
3794.168000,-0.464219,0.110387,0.199989,1.350469,2.819953,0.000358
3794.176000,-0.464246,0.110359,0.200009,1.350309,2.820012,0.000347
3794.184000,-0.464285,0.110367,0.199985,1.350398,2.820021,0.000371
3794.192000,-0.464304,0.110362,0.199984,1.350388,2.820002,0.000386
3794.200000,-0.464335,0.110345,0.200010,1.350327,2.820091,0.000344
3794.208000,-0.464359,0.110366,0.199991,1.350429,2.820042,0.000301
3794.216000,-0.464390,0.110325,0.200021,1.350260,2.820124,0.000257
3794.224000,-0.464407,0.110361,0.199993,1.350339,2.820030,0.000353
3794.232000,-0.464445,0.110342,0.200029,1.350342,2.820165,0.000322
3794.240000,-0.464457,0.110358,0.200007,1.350347,2.820049,0.000376
3794.248000,-0.464490,0.110347,0.200011,1.350294,2.820110,0.000349
3794.256000,-0.464518,0.110332,0.199986,1.350288,2.820053,0.000306
3794.264000,-0.464520,0.110368,0.199979,1.350294,2.819982,0.000411
3794.272000,-0.464556,0.110325,0.199965,1.350220,2.820000,0.000443
3794.280000,-0.464575,0.110361,0.199984,1.350336,2.820023,0.000325
3794.288000,-0.464602,0.110358,0.199983,1.350320,2.819993,0.000389
3794.296000,-0.464627,0.110347,0.199994,1.350284,2.820047,0.000363
3794.304000,-0.464656,0.110348,0.199975,1.350320,2.820034,0.000379
3794.312000,-0.464677,0.110326,0.200001,1.350227,2.820061,0.000411
3794.320000,-0.464705,0.110315,0.200005,1.350190,2.820114,0.000385
3794.328000,-0.464729,0.110344,0.199996,1.350325,2.820090,0.000375
3794.336000,-0.464751,0.110313,0.199988,1.350167,2.820023,0.000387
3794.344000,-0.464772,0.110359,0.199996,1.350302,2.820042,0.000369
3794.352000,-0.464803,0.110310,0.199995,1.350151,2.820119,0.000386
3794.360000,-0.464824,0.110310,0.200001,1.350102,2.820106,0.000409
3794.368000,-0.464855,0.110331,0.200003,1.350250,2.820107,0.000316
3794.376000,-0.464888,0.110303,0.200010,1.350230,2.820152,0.000291
3794.384000,-0.464899,0.110321,0.200007,1.350227,2.820063,0.000371
3794.392000,-0.464911,0.110303,0.199977,1.350086,2.820028,0.000418
3794.400000,-0.464932,0.110337,0.199991,1.350259,2.820041,0.000350
3794.408000,-0.464951,0.110311,0.199976,1.350085,2.820029,0.000456
3794.416000,-0.464975,0.110295,0.199982,1.350133,2.819999,0.000481
3794.424000,-0.465000,0.110318,0.199960,1.350150,2.819990,0.000478
3794.432000,-0.465028,0.110307,0.199986,1.350117,2.820011,0.000494
3794.440000,-0.465045,0.110329,0.199952,1.350152,2.819953,0.000499
3794.448000,-0.465074,0.110300,0.199947,1.350056,2.819968,0.000497
3794.456000,-0.465094,0.110306,0.199953,1.350074,2.819923,0.000520
3794.464000,-0.465114,0.110298,0.199954,1.350106,2.819944,0.000453
3794.472000,-0.465139,0.110288,0.199987,1.350066,2.819993,0.000451
3794.480000,-0.465164,0.110299,0.199983,1.350088,2.819952,0.000448
3794.488000,-0.465186,0.110288,0.199987,1.350075,2.820011,0.000433
3794.496000,-0.465220,0.110274,0.199982,1.350060,2.819982,0.000497
3794.504000,-0.465245,0.110280,0.199993,1.350152,2.820003,0.000472
3794.512000,-0.465274,0.110290,0.200006,1.350227,2.820027,0.000387
3794.520000,-0.465293,0.110296,0.200005,1.350296,2.819994,0.000386
3794.528000,-0.465307,0.110279,0.199990,1.350256,2.819918,0.000450
3794.536000,-0.465329,0.110302,0.199972,1.350248,2.819938,0.000457
3794.544000,-0.465353,0.110279,0.199977,1.350196,2.819921,0.000463
3794.552000,-0.465376,0.110286,0.199979,1.350230,2.819946,0.000454
3794.560000,-0.465399,0.110296,0.199967,1.350267,2.819934,0.000428
3794.568000,-0.465425,0.110267,0.199968,1.350160,2.819931,0.000442
3794.576000,-0.465441,0.110263,0.199977,1.350130,2.819957,0.000475
3794.584000,-0.465467,0.110269,0.199973,1.350217,2.819963,0.000441
3794.592000,-0.465488,0.110266,0.199974,1.350174,2.819918,0.000420
3794.600000,-0.465506,0.110299,0.199967,1.350308,2.819894,0.000495
3794.608000,-0.465534,0.110275,0.199979,1.350171,2.819996,0.000427
3794.616000,-0.465559,0.110286,0.199981,1.350204,2.819979,0.000425
3794.624000,-0.465582,0.110273,0.199988,1.350127,2.820080,0.000442
3794.632000,-0.465605,0.110263,0.199962,1.350187,2.819945,0.000431
3794.640000,-0.465623,0.110296,0.199977,1.350272,2.819946,0.000379
3794.648000,-0.465651,0.110266,0.199954,1.350201,2.819932,0.000494
3794.656000,-0.465670,0.110293,0.199967,1.350284,2.819970,0.000418
3794.664000,-0.465695,0.110260,0.199991,1.350146,2.820035,0.000417
3794.672000,-0.465715,0.110271,0.199973,1.350193,2.820000,0.000423
3794.680000,-0.465737,0.110281,0.199970,1.350256,2.819999,0.000381
3794.688000,-0.465754,0.110270,0.199963,1.350200,2.819930,0.000445
3794.696000,-0.465777,0.110297,0.199927,1.350268,2.819850,0.000433
3794.704000,-0.465804,0.110271,0.199965,1.350147,2.819990,0.000417
3794.712000,-0.465831,0.110269,0.199987,1.350211,2.819995,0.000349
3794.720000,-0.465854,0.110271,0.200014,1.350232,2.820082,0.000323
3794.728000,-0.465881,0.110276,0.199970,1.350216,2.820004,0.000379
3794.736000,-0.465906,0.110276,0.200009,1.350212,2.820083,0.000303
3794.744000,-0.465928,0.110284,0.200021,1.350285,2.820149,0.000296
3794.752000,-0.465954,0.110273,0.200003,1.350255,2.820128,0.000319
3794.760000,-0.465964,0.110301,0.200018,1.350385,2.820053,0.000325
3794.768000,-0.465996,0.110255,0.200032,1.350227,2.820200,0.000234
3794.776000,-0.466015,0.110291,0.200032,1.350336,2.820166,0.000282
3794.784000,-0.466026,0.110267,0.200011,1.350239,2.820057,0.000345
3794.792000,-0.466057,0.110267,0.200031,1.350265,2.820152,0.000270
3794.800000,-0.466072,0.110271,0.200035,1.350214,2.820176,0.000226
3794.808000,-0.466091,0.110251,0.199984,1.350157,2.820017,0.000415
3794.816000,-0.466100,0.110291,0.200000,1.350309,2.820027,0.000356
3794.824000,-0.466131,0.110281,0.199991,1.350279,2.820053,0.000388
3794.832000,-0.466149,0.110262,0.199976,1.350128,2.819999,0.000410
3794.840000,-0.466165,0.110279,0.199957,1.350143,2.819944,0.000440
3794.848000,-0.466194,0.110256,0.199990,1.350202,2.820023,0.000367
3794.856000,-0.466221,0.110266,0.199983,1.350229,2.819997,0.000457
3794.864000,-0.466223,0.110270,0.199983,1.350196,2.819930,0.000470
3794.872000,-0.466268,0.110263,0.200015,1.350225,2.820113,0.000313
3794.880000,-0.466279,0.110270,0.200043,1.350250,2.820167,0.000288
3794.888000,-0.466296,0.110275,0.200021,1.350190,2.820045,0.000366
3794.896000,-0.466313,0.110261,0.200023,1.350161,2.820071,0.000316
3794.904000,-0.466347,0.110247,0.200037,1.350199,2.820148,0.000291
3794.912000,-0.466354,0.110265,0.200021,1.350187,2.820040,0.000388
3794.920000,-0.466383,0.110241,0.200030,1.350112,2.820141,0.000321
3794.928000,-0.466403,0.110231,0.200002,1.350192,2.820048,0.000379
3794.936000,-0.466418,0.110258,0.200023,1.350153,2.820097,0.000334
3794.944000,-0.466438,0.110238,0.200035,1.350139,2.820115,0.000368
3794.952000,-0.466452,0.110272,0.200002,1.350273,2.820003,0.000398
3794.960000,-0.466476,0.110249,0.200030,1.350206,2.820082,0.000365
3794.968000,-0.466497,0.110242,0.200004,1.350191,2.820006,0.000379
3794.976000,-0.466512,0.110254,0.199995,1.350227,2.819993,0.000395
3794.984000,-0.466529,0.110237,0.200001,1.350205,2.819992,0.000402
3794.992000,-0.466546,0.110242,0.199987,1.350217,2.819932,0.000416
3795.000000,-0.466569,0.110241,0.199996,1.350302,2.819934,0.000366
3795.008000,-0.466597,0.110242,0.199993,1.350231,2.819960,0.000389
3795.016000,-0.466612,0.110257,0.199982,1.350295,2.819923,0.000454
3795.024000,-0.466629,0.110251,0.199970,1.350214,2.819926,0.000477
3795.032000,-0.466656,0.110256,0.199990,1.350274,2.819963,0.000409
3795.040000,-0.466671,0.110227,0.199980,1.350199,2.819897,0.000457
3795.048000,-0.466684,0.110252,0.199987,1.350263,2.819943,0.000466
3795.056000,-0.466712,0.110245,0.199983,1.350263,2.819943,0.000422
3795.064000,-0.466721,0.110237,0.199965,1.350176,2.819895,0.000545
3795.072000,-0.466747,0.110248,0.199945,1.350243,2.819857,0.000443
3795.080000,-0.466775,0.110234,0.199998,1.350270,2.819999,0.000378
3795.088000,-0.466787,0.110259,0.199963,1.350279,2.819891,0.000508
3795.096000,-0.466805,0.110241,0.199981,1.350243,2.819945,0.000441
3795.104000,-0.466833,0.110247,0.199990,1.350264,2.819988,0.000423
3795.112000,-0.466855,0.110244,0.200012,1.350290,2.820042,0.000314
3795.120000,-0.466878,0.110242,0.199991,1.350242,2.819986,0.000428
3795.128000,-0.466889,0.110242,0.199951,1.350226,2.819909,0.000484
3795.128000,-0.466889,0.110242,0.199951,1.350226,2.819909,0.000484
3795.144000,-0.466925,0.110221,0.199962,1.350184,2.819911,0.000516
3795.152000,-0.466943,0.110259,0.199980,1.350322,2.819935,0.000431
3795.160000,-0.466961,0.110244,0.199986,1.350280,2.819978,0.000456
3795.168000,-0.466997,0.110230,0.199974,1.350201,2.819986,0.000411
3795.176000,-0.467012,0.110217,0.200009,1.350212,2.820052,0.000321
3795.184000,-0.467040,0.110223,0.200016,1.350203,2.820162,0.000371
3795.192000,-0.467047,0.110226,0.200027,1.350261,2.820070,0.000352
3795.200000,-0.467073,0.110221,0.200010,1.350170,2.820095,0.000383
3795.208000,-0.467087,0.110227,0.200016,1.350260,2.820110,0.000343
3795.216000,-0.467113,0.110231,0.199992,1.350245,2.820035,0.000355
3795.224000,-0.467128,0.110212,0.199996,1.350224,2.820033,0.000321
3795.232000,-0.467150,0.110204,0.200004,1.350154,2.820107,0.000354
3795.240000,-0.467153,0.110216,0.199999,1.350140,2.820036,0.000427
3795.248000,-0.467178,0.110226,0.199993,1.350182,2.820034,0.000391
3795.256000,-0.467199,0.110224,0.200028,1.350297,2.820057,0.000275
3795.264000,-0.467225,0.110193,0.200032,1.350208,2.820092,0.000342
3795.272000,-0.467234,0.110232,0.200010,1.350293,2.820050,0.000340
3795.280000,-0.467259,0.110215,0.200003,1.350216,2.820063,0.000354
3795.288000,-0.467267,0.110203,0.200020,1.350192,2.820058,0.000345
3795.296000,-0.467288,0.110223,0.199960,1.350203,2.819950,0.000475
3795.304000,-0.467290,0.110201,0.199969,1.350122,2.819916,0.000524
3795.312000,-0.467318,0.110198,0.199953,1.350112,2.819892,0.000479
3795.320000,-0.467332,0.110187,0.199963,1.350109,2.819929,0.000455
3795.328000,-0.467352,0.110200,0.199952,1.350183,2.819869,0.000511
3795.336000,-0.467368,0.110195,0.199963,1.350191,2.819846,0.000544
3795.344000,-0.467393,0.110212,0.199969,1.350259,2.819898,0.000484
3795.352000,-0.467415,0.110230,0.200009,1.350378,2.820013,0.000386
3795.360000,-0.467430,0.110206,0.199980,1.350236,2.819937,0.000441
3795.368000,-0.467434,0.110219,0.199985,1.350276,2.819848,0.000405
3795.376000,-0.467471,0.110209,0.200007,1.350340,2.819978,0.000315
3795.384000,-0.467491,0.110188,0.199978,1.350306,2.819909,0.000413
3795.392000,-0.467499,0.110205,0.200009,1.350314,2.819929,0.000395
3795.400000,-0.467522,0.110194,0.199995,1.350332,2.819920,0.000395
3795.408000,-0.467539,0.110216,0.200002,1.350310,2.819961,0.000350
3795.416000,-0.467558,0.110208,0.199994,1.350320,2.819896,0.000348
3795.424000,-0.467578,0.110198,0.200009,1.350300,2.819983,0.000316
3795.432000,-0.467597,0.110227,0.200033,1.350441,2.820017,0.000265
3795.440000,-0.467616,0.110178,0.200035,1.350308,2.820002,0.000340
3795.448000,-0.467632,0.110205,0.199996,1.350283,2.819948,0.000360
3795.456000,-0.467653,0.110176,0.200014,1.350232,2.820014,0.000311
3795.464000,-0.467668,0.110197,0.200011,1.350314,2.819973,0.000393
3795.472000,-0.467687,0.110196,0.200027,1.350329,2.820045,0.000318
3795.480000,-0.467710,0.110188,0.200011,1.350277,2.820022,0.000307
3795.488000,-0.467713,0.110200,0.200001,1.350321,2.819941,0.000347
3795.496000,-0.467744,0.110192,0.200023,1.350252,2.820099,0.000322
3795.504000,-0.467758,0.110195,0.200011,1.350317,2.820020,0.000312
3795.512000,-0.467771,0.110203,0.199980,1.350303,2.819905,0.000435
3795.520000,-0.467795,0.110185,0.199975,1.350260,2.819944,0.000401
3795.528000,-0.467802,0.110219,0.200018,1.350381,2.819982,0.000333
3795.536000,-0.467823,0.110188,0.199980,1.350215,2.819982,0.000448
3795.544000,-0.467835,0.110196,0.199988,1.350280,2.819945,0.000389
3795.552000,-0.467865,0.110172,0.200010,1.350275,2.820020,0.000298
3795.560000,-0.467874,0.110164,0.199970,1.350225,2.819918,0.000445
3795.568000,-0.467899,0.110196,0.200000,1.350343,2.820029,0.000287
3795.576000,-0.467915,0.110158,0.200018,1.350206,2.820094,0.000328
3795.584000,-0.467935,0.110182,0.200019,1.350274,2.820102,0.000319
3795.592000,-0.467951,0.110145,0.200007,1.350124,2.820096,0.000309
3795.600000,-0.467965,0.110185,0.200021,1.350264,2.820041,0.000298
3795.608000,-0.467982,0.110182,0.199998,1.350313,2.820011,0.000364
3795.616000,-0.467997,0.110173,0.199986,1.350286,2.820000,0.000422
3795.624000,-0.468015,0.110171,0.200018,1.350258,2.820073,0.000338
3795.632000,-0.468031,0.110160,0.200002,1.350190,2.820022,0.000394
3795.640000,-0.468034,0.110180,0.199971,1.350186,2.819922,0.000398
3795.648000,-0.468060,0.110166,0.199987,1.350169,2.820019,0.000400
3795.656000,-0.468070,0.110182,0.199955,1.350176,2.819902,0.000454
3795.664000,-0.468096,0.110159,0.199988,1.350198,2.820035,0.000356
3795.672000,-0.468106,0.110152,0.199978,1.350189,2.819931,0.000387
3795.680000,-0.468106,0.110182,0.199942,1.350197,2.819819,0.000500
3795.688000,-0.468133,0.110158,0.199996,1.350192,2.819983,0.000369
3795.696000,-0.468151,0.110168,0.200003,1.350188,2.820019,0.000427
3795.704000,-0.468171,0.110170,0.199985,1.350222,2.819956,0.000374
3795.712000,-0.468187,0.110173,0.200007,1.350286,2.820002,0.000383
3795.720000,-0.468207,0.110171,0.199998,1.350199,2.819996,0.000372
3795.728000,-0.468223,0.110162,0.199986,1.350228,2.819970,0.000421
3795.736000,-0.468237,0.110182,0.199984,1.350295,2.819978,0.000455
3795.744000,-0.468256,0.110156,0.200008,1.350219,2.819997,0.000403
3795.752000,-0.468272,0.110173,0.200003,1.350174,2.820031,0.000392
3795.760000,-0.468285,0.110172,0.199987,1.350185,2.820013,0.000484
3795.768000,-0.468299,0.110165,0.199975,1.350144,2.819930,0.000531
3795.776000,-0.468322,0.110186,0.199987,1.350246,2.819966,0.000430
3795.784000,-0.468335,0.110144,0.199981,1.350161,2.819964,0.000522
3795.792000,-0.468351,0.110164,0.199995,1.350136,2.820000,0.000461
3795.800000,-0.468366,0.110179,0.199993,1.350248,2.819970,0.000402
3795.808000,-0.468385,0.110163,0.199989,1.350207,2.819971,0.000435
3795.816000,-0.468402,0.110164,0.200025,1.350239,2.820039,0.000377
3795.824000,-0.468416,0.110175,0.200018,1.350278,2.820032,0.000367
3795.832000,-0.468421,0.110171,0.199987,1.350188,2.819979,0.000473
3795.840000,-0.468446,0.110161,0.200001,1.350187,2.820021,0.000465
3795.848000,-0.468447,0.110153,0.199980,1.350116,2.819959,0.000488
3795.856000,-0.468465,0.110179,0.199968,1.350179,2.819958,0.000528
3795.864000,-0.468477,0.110174,0.199982,1.350236,2.819902,0.000443
3795.872000,-0.468510,0.110164,0.199997,1.350246,2.820010,0.000386
3795.880000,-0.468518,0.110177,0.200012,1.350238,2.820037,0.000410
3795.888000,-0.468544,0.110149,0.200024,1.350174,2.820080,0.000401
3795.896000,-0.468571,0.110166,0.200034,1.350268,2.820142,0.000326
3795.904000,-0.468580,0.110155,0.200059,1.350294,2.820154,0.000309
3795.912000,-0.468599,0.110176,0.200066,1.350292,2.820190,0.000240
3795.920000,-0.468602,0.110175,0.200034,1.350293,2.820064,0.000305
3795.928000,-0.468635,0.110140,0.200053,1.350216,2.820208,0.000315
3795.936000,-0.468636,0.110153,0.200053,1.350303,2.820088,0.000304
3795.944000,-0.468655,0.110141,0.200030,1.350192,2.820117,0.000403
3795.952000,-0.468672,0.110153,0.200041,1.350248,2.820102,0.000310
3795.960000,-0.468686,0.110157,0.200040,1.350268,2.820104,0.000384
3795.968000,-0.468700,0.110122,0.200042,1.350136,2.820131,0.000367
3795.976000,-0.468722,0.110167,0.200030,1.350346,2.820090,0.000323
3795.984000,-0.468725,0.110138,0.200034,1.350230,2.820068,0.000356
3795.992000,-0.468751,0.110180,0.200040,1.350350,2.820099,0.000354
3796.000000,-0.468757,0.110166,0.200045,1.350360,2.820077,0.000304
3796.008000,-0.468785,0.110160,0.200025,1.350320,2.820078,0.000293
3796.016000,-0.468797,0.110154,0.200046,1.350316,2.820115,0.000269
3796.024000,-0.468806,0.110141,0.200021,1.350227,2.820061,0.000417
3796.032000,-0.468817,0.110154,0.200020,1.350273,2.820028,0.000340
3796.040000,-0.468835,0.110143,0.200035,1.350258,2.820082,0.000307
3796.048000,-0.468848,0.110147,0.199998,1.350241,2.820006,0.000447
3796.056000,-0.468842,0.110154,0.199999,1.350230,2.819940,0.000411
3796.064000,-0.468861,0.110138,0.199971,1.350161,2.819883,0.000492
3796.072000,-0.468870,0.110149,0.199987,1.350235,2.819866,0.000458
3796.080000,-0.468902,0.110134,0.199974,1.350163,2.819971,0.000450
3796.088000,-0.468903,0.110134,0.199974,1.350138,2.819923,0.000490
3796.096000,-0.468938,0.110110,0.199988,1.350100,2.820013,0.000398
3796.104000,-0.468930,0.110144,0.199993,1.350210,2.819942,0.000430
3796.112000,-0.468958,0.110144,0.200028,1.350235,2.820037,0.000355
3796.120000,-0.468969,0.110117,0.200018,1.350168,2.820028,0.000405
3796.128000,-0.468980,0.110155,0.199998,1.350244,2.819967,0.000377
3796.136000,-0.468997,0.110143,0.200011,1.350239,2.820000,0.000335
3796.144000,-0.469010,0.110129,0.199983,1.350135,2.819959,0.000458
3796.152000,-0.469026,0.110157,0.200024,1.350297,2.820037,0.000351
3796.160000,-0.469037,0.110122,0.199988,1.350120,2.819972,0.000431
3796.168000,-0.469048,0.110151,0.199980,1.350236,2.819910,0.000455
3796.176000,-0.469074,0.110128,0.200018,1.350239,2.820046,0.000340
3796.184000,-0.469091,0.110131,0.200005,1.350274,2.819987,0.000305
3796.192000,-0.469104,0.110147,0.200045,1.350368,2.820055,0.000331
3796.200000,-0.469115,0.110125,0.200015,1.350225,2.820016,0.000403
3796.208000,-0.469132,0.110143,0.200029,1.350296,2.820035,0.000386
3796.216000,-0.469154,0.110133,0.200033,1.350323,2.820047,0.000285
3796.224000,-0.469156,0.110138,0.200039,1.350307,2.820060,0.000385
3796.232000,-0.469161,0.110160,0.200014,1.350350,2.819931,0.000332
3796.240000,-0.469180,0.110132,0.200029,1.350295,2.820035,0.000384
3796.248000,-0.469200,0.110139,0.200014,1.350311,2.819980,0.000330
3796.256000,-0.469206,0.110125,0.200028,1.350326,2.820014,0.000365
3796.264000,-0.469219,0.110135,0.200003,1.350274,2.819949,0.000403
3796.272000,-0.469224,0.110148,0.200004,1.350312,2.819900,0.000444
3796.280000,-0.469245,0.110136,0.200002,1.350271,2.819944,0.000426
3796.288000,-0.469261,0.110148,0.200002,1.350331,2.819938,0.000409
3796.296000,-0.469280,0.110122,0.200003,1.350238,2.819918,0.000390
3796.304000,-0.469286,0.110150,0.200008,1.350302,2.819964,0.000440
3796.312000,-0.469308,0.110140,0.200029,1.350372,2.819979,0.000323
3796.320000,-0.469327,0.110128,0.200016,1.350283,2.819968,0.000338
3796.328000,-0.469327,0.110159,0.200026,1.350395,2.819943,0.000379
3796.336000,-0.469346,0.110122,0.199999,1.350228,2.819939,0.000352
3796.344000,-0.469374,0.110131,0.200026,1.350310,2.820066,0.000321
3796.352000,-0.469366,0.110154,0.200003,1.350304,2.819926,0.000417
3796.360000,-0.469394,0.110125,0.200004,1.350260,2.819964,0.000383
3796.368000,-0.469410,0.110129,0.200040,1.350337,2.820036,0.000267
3796.376000,-0.469431,0.110108,0.200032,1.350257,2.820086,0.000300
3796.384000,-0.469437,0.110120,0.200017,1.350245,2.820019,0.000348
3796.392000,-0.469456,0.110131,0.200032,1.350319,2.820043,0.000306
3796.400000,-0.469471,0.110108,0.200033,1.350235,2.820083,0.000306
3796.408000,-0.469488,0.110138,0.200077,1.350399,2.820165,0.000215
3796.416000,-0.469493,0.110131,0.200067,1.350306,2.820144,0.000238
3796.424000,-0.469518,0.110124,0.200055,1.350345,2.820137,0.000187
3796.432000,-0.469524,0.110125,0.200082,1.350373,2.820154,0.000187
3796.440000,-0.469529,0.110118,0.200059,1.350282,2.820096,0.000234
3796.448000,-0.469545,0.110139,0.200046,1.350344,2.820137,0.000268
3796.456000,-0.469561,0.110103,0.200046,1.350246,2.820149,0.000250
3796.464000,-0.469576,0.110110,0.200037,1.350306,2.820101,0.000283
3796.472000,-0.469581,0.110108,0.200031,1.350258,2.820088,0.000265
3796.480000,-0.469588,0.110112,0.200005,1.350238,2.820003,0.000287
3796.488000,-0.469604,0.110125,0.200036,1.350325,2.820056,0.000262
3796.496000,-0.469611,0.110096,0.200018,1.350188,2.820031,0.000303
3796.504000,-0.469630,0.110114,0.200006,1.350297,2.819997,0.000310
3796.512000,-0.469642,0.110105,0.200034,1.350181,2.820100,0.000318
3796.520000,-0.469659,0.110114,0.200010,1.350273,2.820032,0.000291
3796.528000,-0.469659,0.110130,0.200041,1.350339,2.820043,0.000241
3796.536000,-0.469690,0.110081,0.200036,1.350206,2.820069,0.000308
3796.544000,-0.469695,0.110102,0.200046,1.350204,2.820107,0.000239
3796.552000,-0.469726,0.110092,0.200045,1.350230,2.820159,0.000214
3796.560000,-0.469722,0.110127,0.200047,1.350299,2.820090,0.000279
3796.568000,-0.469742,0.110126,0.200053,1.350276,2.820125,0.000219
3796.576000,-0.469744,0.110111,0.200047,1.350246,2.820068,0.000311
3796.584000,-0.469759,0.110119,0.200038,1.350254,2.820081,0.000234
3796.592000,-0.469775,0.110099,0.200038,1.350232,2.820080,0.000284
3796.600000,-0.469778,0.110111,0.200037,1.350274,2.820041,0.000317
3796.608000,-0.469784,0.110122,0.200029,1.350282,2.820013,0.000332
3796.616000,-0.469802,0.110098,0.200017,1.350179,2.820015,0.000322
3796.624000,-0.469815,0.110111,0.200023,1.350205,2.820026,0.000346
3796.632000,-0.469821,0.110113,0.200029,1.350243,2.820020,0.000379
3796.640000,-0.469847,0.110112,0.200032,1.350247,2.820070,0.000321
3796.648000,-0.469859,0.110111,0.200046,1.350271,2.820077,0.000286
3796.656000,-0.469874,0.110110,0.200036,1.350269,2.820072,0.000269
3796.664000,-0.469891,0.110118,0.200060,1.350294,2.820167,0.000236
3796.672000,-0.469898,0.110115,0.200035,1.350246,2.820112,0.000351
3796.680000,-0.469910,0.110111,0.200038,1.350255,2.820089,0.000383
3796.688000,-0.469923,0.110120,0.200058,1.350296,2.820130,0.000300
3796.696000,-0.469949,0.110099,0.200037,1.350253,2.820167,0.000308
3796.704000,-0.469952,0.110119,0.200048,1.350325,2.820144,0.000257
3796.712000,-0.469963,0.110110,0.200024,1.350270,2.820075,0.000364
3796.720000,-0.469962,0.110124,0.200034,1.350273,2.820080,0.000295
3796.728000,-0.469989,0.110113,0.200036,1.350304,2.820101,0.000270
3796.736000,-0.469997,0.110115,0.200054,1.350322,2.820139,0.000279
3796.744000,-0.470001,0.110133,0.200054,1.350348,2.820109,0.000311
